          10941.7     0.000022     0.000022     0.000023    10000
           9663.7     0.000156     0.000149     0.000201    60000
          21840.2     0.000173     0.000121     0.000280    110000
           9530.3     0.000408     0.000403     0.000414    160000
          21725.9     0.000352     0.000232     0.000525    210000
          21975.2     0.000366     0.000284     0.000653    260000
          22006.8     0.000340     0.000338     0.000343    310000
          21989.6     0.000396     0.000393     0.000401    360000
          22011.7     0.000450     0.000447     0.000458    410000
          22081.6     0.000502     0.000500     0.000504    460000
          22014.7     0.000559     0.000556     0.000561    510000
          21748.2     0.000620     0.000618     0.000625    560000
          21852.2     0.000673     0.000670     0.000674    610000
          21818.6     0.000728     0.000726     0.000729    660000
          22018.2     0.000777     0.000774     0.000783    710000
          22085.5     0.000827     0.000826     0.000829    760000
          20466.2     0.000951     0.000950     0.000955    810000
          21729.5     0.000952     0.000950     0.000955    860000
          21836.4     0.001002     0.001000     0.001005    910000
          20759.8     0.001115     0.001110     0.001121    960000
          21225.5     0.001146     0.001142     0.001150    1010000
          21025.2     0.001215     0.001210     0.001223    1060000
          20183.6     0.001326     0.001320     0.001339    1110000
          19912.9     0.001406     0.001398     0.001416    1160000
          18966.5     0.001539     0.001531     0.001554    1210000
          17829.0     0.001705     0.001696     0.001718    1260000
          17132.5     0.001845     0.001835     0.001862    1310000
          16157.5     0.002029     0.002020     0.002041    1360000
          15667.9     0.002172     0.002160     0.002191    1410000
          14960.1     0.002353     0.002342     0.002372    1460000
          14256.4     0.002554     0.002542     0.002572    1510000
          13912.9     0.002712     0.002691     0.002726    1560000
          13454.1     0.002891     0.002872     0.002910    1610000
          13191.8     0.003033     0.003020     0.003046    1660000
          12869.8     0.003199     0.003189     0.003224    1710000
          12423.2     0.003411     0.003400     0.003434    1760000
          12418.3     0.003515     0.003498     0.003535    1810000
          12110.8     0.003699     0.003686     0.003718    1860000
          11984.5     0.003840     0.003825     0.003852    1910000
          11948.2     0.003952     0.003937     0.003992    1960000
          11783.4     0.004119     0.004094     0.004136    2010000
          11819.1     0.004193     0.004183     0.004208    2060000
          11452.0     0.004436     0.004422     0.004453    2110000
          11160.7     0.004663     0.004645     0.004691    2160000
          11306.5     0.004706     0.004691     0.004724    2210000
          10931.1     0.004983     0.004962     0.004997    2260000
          11311.6     0.004923     0.004901     0.004941    2310000
          10972.5     0.005181     0.005162     0.005206    2360000
          10751.1     0.005392     0.005380     0.005408    2410000
          11152.6     0.005303     0.005294     0.005317    2460000
          11419.9     0.005290     0.005275     0.005306    2510000
          11000.5     0.005605     0.005585     0.005619    2560000
          13369.9     0.005436     0.004685     0.005549    2610000
          13346.8     0.004806     0.004783     0.004885    2660000
          13413.2     0.004866     0.004849     0.004878    2710000
          13229.4     0.005109     0.005007     0.005271    2760000
          11232.3     0.006022     0.006004     0.006037    2810000
          11180.9     0.006167     0.006139     0.006190    2860000
          11201.5     0.006253     0.006235     0.006261    2910000
          13363.4     0.005329     0.005316     0.005357    2960000
          13733.9     0.005278     0.005260     0.005303    3010000
          11317.5     0.006511     0.006489     0.006535    3060000
          13101.6     0.005718     0.005697     0.005739    3110000
          11282.4     0.006750     0.006722     0.006779    3160000
          11005.8     0.007020     0.007000     0.007047    3210000
          13420.1     0.006459     0.005830     0.006957    3260000
          11314.7     0.007032     0.007021     0.007050    3310000
          12824.8     0.007114     0.006288     0.007542    3360000
          11110.2     0.007385     0.007366     0.007404    3410000
          13502.9     0.006813     0.006150     0.007334    3460000
          13403.4     0.006302     0.006285     0.006338    3510000
          13381.2     0.006412     0.006385     0.006430    3560000
          13499.6     0.006439     0.006418     0.006452    3610000
          13286.7     0.006642     0.006611     0.006715    3660000
          11335.5     0.007870     0.007855     0.007881    3710000
          13621.3     0.006656     0.006625     0.006673    3760000
          13417.5     0.006844     0.006815     0.006931    3810000
          11323.7     0.008208     0.008181     0.008222    3860000
          13293.5     0.007653     0.007059     0.008376    3910000
          11528.3     0.008262     0.008244     0.008287    3960000
