          26490.3     0.000013     0.000009     0.000029    10000
         163237.8     0.000016     0.000009     0.000024    60000
         133409.2     0.000022     0.000020     0.000032    110000
         255652.8     0.000031     0.000015     0.000054    160000
         281857.2     0.000034     0.000018     0.000037    210000
         272629.8     0.000024     0.000023     0.000024    260000
         276155.9     0.000029     0.000027     0.000034    310000
         287609.4     0.000031     0.000030     0.000034    360000
         131022.1     0.000078     0.000075     0.000088    410000
         136191.5     0.000083     0.000081     0.000088    460000
         291694.8     0.000043     0.000042     0.000044    510000
         298261.6     0.000047     0.000045     0.000058    560000
         136758.6     0.000109     0.000107     0.000113    610000
         136703.2     0.000119     0.000116     0.000132    660000
         305431.4     0.000058     0.000056     0.000065    710000
         309733.2     0.000060     0.000059     0.000062    760000
         286095.7     0.000069     0.000068     0.000078    810000
         317107.8     0.000067     0.000065     0.000067    860000
         315874.5     0.000070     0.000069     0.000072    910000
         307760.4     0.000076     0.000075     0.000080    960000
         318714.5     0.000078     0.000076     0.000084    1010000
         318516.7     0.000082     0.000080     0.000091    1060000
         317432.6     0.000086     0.000084     0.000096    1110000
         143451.4     0.000201     0.000194     0.000242    1160000
         319691.8     0.000094     0.000091     0.000108    1210000
         321918.2     0.000097     0.000094     0.000107    1260000
         317756.4     0.000099     0.000099     0.000100    1310000
         323645.6     0.000105     0.000101     0.000127    1360000
         321848.6     0.000178     0.000105     0.000235    1410000
         321593.9     0.000110     0.000109     0.000112    1460000
         320678.4     0.000114     0.000113     0.000116    1510000
         322453.3     0.000117     0.000116     0.000117    1560000
         319660.6     0.000208     0.000121     0.000299    1610000
         324468.1     0.000209     0.000123     0.000279    1660000
         315842.6     0.000134     0.000130     0.000161    1710000
         303889.2     0.000141     0.000139     0.000148    1760000
         295780.1     0.000219     0.000147     0.000311    1810000
         321155.6     0.000146     0.000139     0.000170    1860000
         298088.2     0.000156     0.000154     0.000159    1910000
         299848.1     0.000159     0.000157     0.000161    1960000
         255149.1     0.000194     0.000189     0.000197    2010000
         301404.6     0.000166     0.000164     0.000168    2060000
         251956.8     0.000204     0.000201     0.000216    2110000
         257927.3     0.000204     0.000201     0.000206    2160000
         257483.7     0.000210     0.000206     0.000223    2210000
         244359.9     0.000224     0.000222     0.000227    2260000
         193133.1     0.000295     0.000287     0.000304    2310000
         240938.5     0.000239     0.000235     0.000248    2360000
         213367.2     0.000304     0.000271     0.000468    2410000
         233394.6     0.000261     0.000253     0.000268    2460000
         195561.0     0.000341     0.000308     0.000547    2510000
         153941.5     0.000409     0.000399     0.000427    2560000
         153554.2     0.000416     0.000408     0.000426    2610000
         158066.3     0.000416     0.000404     0.000425    2660000
         122937.1     0.000543     0.000529     0.000556    2710000
         135991.5     0.000493     0.000487     0.000505    2760000
         117468.4     0.000585     0.000574     0.000599    2810000
          98325.5     0.000709     0.000698     0.000725    2860000
         108613.3     0.000652     0.000643     0.000659    2910000
          96148.2     0.000749     0.000739     0.000762    2960000
          90204.4     0.000816     0.000801     0.000843    3010000
          87857.9     0.000843     0.000836     0.000856    3060000
          70812.7     0.001077     0.001054     0.001098    3110000
          81899.1     0.000939     0.000926     0.000971    3160000
          85325.9     0.000918     0.000903     0.000935    3210000
          70678.9     0.001127     0.001107     0.001144    3260000
          71902.4     0.001123     0.001105     0.001148    3310000
          70626.2     0.001158     0.001142     0.001176    3360000
          73330.9     0.001160     0.001116     0.001205    3410000
          68737.9     0.001229     0.001208     0.001261    3460000
          65870.3     0.001299     0.001279     0.001315    3510000
          64245.5     0.001346     0.001330     0.001360    3560000
          65987.7     0.001325     0.001313     0.001338    3610000
          66395.3     0.001332     0.001323     0.001338    3660000
          69069.9     0.001306     0.001289     0.001323    3710000
          57997.9     0.001575     0.001556     0.001601    3760000
          58958.8     0.001570     0.001551     0.001584    3810000
          65337.2     0.001431     0.001418     0.001451    3860000
          65533.4     0.001441     0.001432     0.001451    3910000
          60609.2     0.001580     0.001568     0.001593    3960000
