          34711.5     0.000011     0.000007     0.000037    10000
          53449.5     0.000029     0.000027     0.000036    60000
          51742.8     0.000055     0.000051     0.000074    110000
          51955.2     0.000075     0.000074     0.000079    160000
          54203.3     0.000096     0.000093     0.000111    210000
         120057.1     0.000053     0.000052     0.000056    260000
          56024.5     0.000139     0.000133     0.000170    310000
          56097.2     0.000162     0.000154     0.000202    360000
         124688.7     0.000081     0.000079     0.000086    410000
         124142.4     0.000090     0.000089     0.000093    460000
          56979.2     0.000218     0.000215     0.000225    510000
         124440.3     0.000225     0.000108     0.000248    560000
         125315.5     0.000118     0.000117     0.000119    610000
         124648.7     0.000128     0.000127     0.000130    660000
         125387.6     0.000250     0.000136     0.000312    710000
         125006.7     0.000265     0.000146     0.000345    760000
         117828.4     0.000282     0.000165     0.000390    810000
         125829.1     0.000165     0.000164     0.000167    860000
         126874.8     0.000174     0.000172     0.000178    910000
         122016.1     0.000294     0.000189     0.000428    960000
         126298.0     0.000245     0.000192     0.000426    1010000
         125977.7     0.000204     0.000202     0.000217    1060000
         125687.6     0.000213     0.000212     0.000216    1110000
         126510.8     0.000222     0.000220     0.000224    1160000
         126877.7     0.000285     0.000229     0.000514    1210000
         126582.6     0.000274     0.000239     0.000540    1260000
         127286.6     0.000249     0.000247     0.000251    1310000
         124117.9     0.000333     0.000263     0.000571    1360000
         122675.2     0.000282     0.000276     0.000296    1410000
         127466.1     0.000276     0.000275     0.000279    1460000
         127198.0     0.000309     0.000285     0.000479    1510000
         127359.9     0.000296     0.000294     0.000304    1560000
         126714.5     0.000307     0.000305     0.000311    1610000
         126880.1     0.000360     0.000314     0.000704    1660000
         127036.3     0.000325     0.000323     0.000329    1710000
         104832.8     0.000445     0.000403     0.000748    1760000
         125482.5     0.000348     0.000346     0.000354    1810000
         125072.6     0.000359     0.000357     0.000366    1860000
         125255.3     0.000368     0.000366     0.000372    1910000
          95038.6     0.000502     0.000495     0.000516    1960000
         119723.8     0.000410     0.000403     0.000443    2010000
         119450.7     0.000416     0.000414     0.000421    2060000
         116447.1     0.000439     0.000435     0.000443    2110000
          75132.2     0.000697     0.000690     0.000706    2160000
          70916.8     0.000762     0.000748     0.000784    2210000
         105519.0     0.000517     0.000514     0.000524    2260000
         102663.2     0.000546     0.000540     0.000555    2310000
          54152.1     0.001098     0.001046     0.001141    2360000
          99060.2     0.000588     0.000584     0.000592    2410000
          96317.3     0.000627     0.000613     0.000642    2460000
          57528.4     0.001058     0.001047     0.001082    2510000
          93947.5     0.000658     0.000654     0.000662    2560000
          88850.6     0.000720     0.000705     0.000739    2610000
          84896.8     0.000759     0.000752     0.000767    2660000
          89207.8     0.000734     0.000729     0.000741    2710000
          83332.5     0.000817     0.000795     0.000836    2760000
          50592.7     0.001347     0.001333     0.001364    2810000
          79354.2     0.000874     0.000865     0.000893    2860000
          77168.1     0.000919     0.000905     0.000940    2910000
          59592.7     0.001364     0.001192     0.001399    2960000
          71310.1     0.001021     0.001013     0.001030    3010000
          67877.9     0.001111     0.001082     0.001143    3060000
          57942.4     0.001468     0.001288     0.001650    3110000
          67781.0     0.001158     0.001119     0.001190    3160000
          58857.8     0.001348     0.001309     0.001399    3210000
          44478.5     0.001812     0.001759     0.001869    3260000
          46213.0     0.001778     0.001719     0.001841    3310000
          55998.1     0.001463     0.001440     0.001479    3360000
          52696.0     0.001568     0.001553     0.001584    3410000
          48502.3     0.001761     0.001712     0.001802    3460000
          57742.8     0.001473     0.001459     0.001507    3510000
          56774.6     0.001521     0.001505     0.001541    3560000
          58897.0     0.001499     0.001471     0.001614    3610000
          45490.5     0.002055     0.001931     0.002243    3660000
          57739.8     0.001556     0.001542     0.001573    3710000
          45166.3     0.002114     0.001998     0.002407    3760000
          46606.8     0.002028     0.001962     0.002083    3810000
          54688.3     0.001717     0.001694     0.001732    3860000
          46546.1     0.002106     0.002016     0.002375    3910000
          55127.5     0.001734     0.001724     0.001744    3960000
