          23967.5     0.000016     0.000010     0.000029    10000
          75497.5     0.000022     0.000019     0.000039    60000
         133409.2     0.000021     0.000020     0.000023    110000
         142532.1     0.000032     0.000027     0.000045    160000
         167772.2     0.000033     0.000030     0.000048    210000
         164606.6     0.000039     0.000038     0.000040    260000
         321707.4     0.000025     0.000023     0.000027    310000
         332465.9     0.000027     0.000026     0.000029    360000
         327555.2     0.000032     0.000030     0.000034    410000
         335544.3     0.000034     0.000033     0.000040    460000
         339988.6     0.000038     0.000036     0.000048    510000
         345837.1     0.000039     0.000039     0.000043    560000
         357003.5     0.000044     0.000041     0.000052    610000
         353392.4     0.000046     0.000045     0.000048    660000
         362796.7     0.000048     0.000047     0.000048    710000
         366048.3     0.000050     0.000050     0.000052    760000
         346967.1     0.000057     0.000056     0.000059    810000
         368384.8     0.000066     0.000056     0.000139    860000
         370864.8     0.000060     0.000059     0.000062    910000
         366048.3     0.000064     0.000063     0.000067    960000
         377955.1     0.000065     0.000064     0.000066    1010000
         379726.3     0.000068     0.000067     0.000069    1060000
         374953.9     0.000071     0.000071     0.000072    1110000
         386653.7     0.000073     0.000072     0.000073    1160000
         383027.0     0.000078     0.000076     0.000088    1210000
         383189.6     0.000079     0.000079     0.000080    1260000
         387849.8     0.000082     0.000081     0.000084    1310000
         388926.4     0.000084     0.000084     0.000086    1360000
         388863.7     0.000088     0.000087     0.000089    1410000
         385743.9     0.000092     0.000091     0.000094    1460000
         389747.6     0.000095     0.000093     0.000099    1510000
         389664.4     0.000098     0.000096     0.000107    1560000
         375157.2     0.000104     0.000103     0.000105    1610000
         390423.1     0.000104     0.000102     0.000105    1660000
         357125.0     0.000116     0.000115     0.000119    1710000
         367567.2     0.000183     0.000115     0.000252    1760000
         339293.4     0.000129     0.000128     0.000130    1810000
         372234.1     0.000123     0.000120     0.000134    1860000
         355391.7     0.000131     0.000129     0.000135    1910000
         338422.1     0.000145     0.000139     0.000172    1960000
         332784.9     0.000152     0.000145     0.000178    2010000
         327593.0     0.000153     0.000151     0.000156    2060000
         302995.1     0.000171     0.000167     0.000177    2110000
         280196.8     0.000188     0.000185     0.000193    2160000
         294656.8     0.000182     0.000180     0.000185    2210000
         240994.8     0.000230     0.000225     0.000240    2260000
         264241.2     0.000214     0.000210     0.000227    2310000
         246437.1     0.000234     0.000230     0.000242    2360000
         219149.5     0.000272     0.000264     0.000296    2410000
         210929.9     0.000283     0.000280     0.000286    2460000
         173652.8     0.000356     0.000347     0.000365    2510000
         166902.9     0.000376     0.000368     0.000381    2560000
         126010.2     0.000508     0.000497     0.000515    2610000
         155405.9     0.000416     0.000411     0.000424    2660000
         117585.1     0.000570     0.000553     0.000614    2710000
         114005.2     0.000591     0.000581     0.000599    2760000
         110020.9     0.000619     0.000613     0.000626    2810000
         100804.3     0.000688     0.000681     0.000697    2860000
          94768.7     0.000745     0.000737     0.000757    2910000
          92506.5     0.000777     0.000768     0.000789    2960000
          95673.0     0.000763     0.000755     0.000769    3010000
          95394.8     0.000783     0.000770     0.000809    3060000
          88137.1     0.000856     0.000847     0.000868    3110000
          88286.4     0.000879     0.000859     0.000915    3160000
          83388.2     0.000940     0.000924     0.000961    3210000
          79593.1     0.001004     0.000983     0.001016    3260000
          81826.0     0.000989     0.000971     0.001003    3310000
          76366.8     0.001072     0.001056     0.001084    3360000
          72617.3     0.001180     0.001127     0.001212    3410000
          76046.9     0.001103     0.001092     0.001118    3460000
          71509.4     0.001205     0.001178     0.001228    3510000
          67437.2     0.001276     0.001267     0.001281    3560000
          67208.2     0.001304     0.001289     0.001321    3610000
          66287.8     0.001334     0.001325     0.001348    3660000
          69133.8     0.001300     0.001288     0.001313    3710000
          62150.1     0.001462     0.001452     0.001483    3760000
          64993.6     0.001427     0.001407     0.001473    3810000
          60195.2     0.001545     0.001539     0.001559    3860000
          63319.4     0.001486     0.001482     0.001493    3910000
          65231.0     0.001464     0.001457     0.001481    3960000
