          22539.9     0.001068     0.001065     0.001073    1
          22469.5     0.001071     0.001068     0.001077    2
          22600.7     0.001068     0.001062     0.001075    3
          22429.4     0.001074     0.001070     0.001081    4
          22600.7     0.001065     0.001062     0.001068    5
          22409.5     0.001073     0.001071     0.001078    6
          22449.4     0.001072     0.001069     0.001077    7
          22595.6     0.001066     0.001062     0.001070    8
          22555.1     0.001067     0.001064     0.001073    9
          22534.9     0.001067     0.001065     0.001070    10
          22389.5     0.001074     0.001072     0.001076    11
          22595.6     0.001065     0.001062     0.001069    12
          22514.7     0.001070     0.001066     0.001080    13
          22494.6     0.001070     0.001067     0.001077    14
          22474.5     0.001070     0.001068     0.001072    15
          22687.2     0.001062     0.001058     0.001067    16
          22514.7     0.001069     0.001066     0.001074    17
          22600.7     0.001066     0.001062     0.001070    18
          22661.7     0.001062     0.001059     0.001069    19
          22575.3     0.001065     0.001063     0.001069    20
          22600.7     0.001066     0.001062     0.001074    21
          22641.3     0.001062     0.001060     0.001064    22
          22429.4     0.001075     0.001070     0.001082    23
          22575.3     0.001066     0.001063     0.001072    24
