          10261.3     0.000236     0.000234     0.000239    1
          23087.9     0.000193     0.000104     0.000243    2
          23301.7     0.000152     0.000103     0.000272    3
          23301.7     0.000177     0.000103     0.000240    4
          23087.9     0.000105     0.000104     0.000108    5
          10303.3     0.000236     0.000233     0.000242    6
          23301.7     0.000178     0.000103     0.000246    7
          10303.3     0.000238     0.000233     0.000264    8
          23087.9     0.000171     0.000104     0.000235    9
          23087.9     0.000157     0.000104     0.000235    10
          23087.9     0.000192     0.000104     0.000243    11
          23087.9     0.000163     0.000104     0.000240    12
          23087.9     0.000197     0.000104     0.000289    13
          23087.9     0.000178     0.000104     0.000243    14
          18780.5     0.000168     0.000128     0.000233    15
          10663.5     0.000234     0.000225     0.000246    16
          23301.7     0.000178     0.000103     0.000252    17
          23301.7     0.000104     0.000103     0.000106    18
          23087.9     0.000149     0.000104     0.000233    19
          23087.9     0.000163     0.000104     0.000239    20
          23301.7     0.000177     0.000103     0.000248    21
          10303.3     0.000236     0.000233     0.000248    22
          23087.9     0.000127     0.000104     0.000234    23
          23301.7     0.000165     0.000103     0.000260    24
