          25165.8     0.000001     0.000001     0.000001    1
          25165.8     0.000001     0.000001     0.000001    2
          25165.8     0.000001     0.000001     0.000001    3
          25165.8     0.000001     0.000001     0.000001    4
          25165.8     0.000001     0.000001     0.000001    5
          25165.8     0.000001     0.000001     0.000001    6
          25165.8     0.000001     0.000001     0.000001    7
              inf     0.000001     0.000000     0.000001    8
          25165.8     0.000001     0.000001     0.000001    9
              inf     0.000001     0.000000     0.000001    10
          25165.8     0.000001     0.000001     0.000001    11
          25165.8     0.000001     0.000001     0.000001    12
          25165.8     0.000001     0.000001     0.000001    13
          25165.8     0.000001     0.000001     0.000001    14
          25165.8     0.000001     0.000001     0.000001    15
              inf     0.000001     0.000000     0.000001    16
          25165.8     0.000001     0.000001     0.000001    17
          25165.8     0.000001     0.000001     0.000001    18
          25165.8     0.000001     0.000001     0.000001    19
          25165.8     0.000001     0.000001     0.000001    20
          25165.8     0.000001     0.000001     0.000001    21
              inf     0.000001     0.000000     0.000001    22
              inf     0.000001     0.000000     0.000001    23
          25165.8     0.000001     0.000001     0.000001    24
