          15024.4     0.000016     0.000016     0.000017    10000
          10219.6     0.000144     0.000141     0.000149    60000
          23165.2     0.000114     0.000114     0.000118    110000
          23141.0     0.000214     0.000166     0.000379    160000
          22804.0     0.000274     0.000221     0.000494    210000
          23120.5     0.000271     0.000270     0.000273    260000
          23184.0     0.000367     0.000321     0.000727    310000
          23038.0     0.000378     0.000375     0.000384    360000
          23095.7     0.000430     0.000426     0.000432    410000
          23199.0     0.000478     0.000476     0.000481    460000
          23011.3     0.000534     0.000532     0.000535    510000
          23179.0     0.000581     0.000580     0.000583    560000
          23093.1     0.000637     0.000634     0.000640    610000
          22823.0     0.000696     0.000694     0.000701    660000
          23152.2     0.000738     0.000736     0.000741    710000
          23239.4     0.000789     0.000785     0.000793    760000
          22814.0     0.000854     0.000852     0.000856    810000
          23011.8     0.000899     0.000897     0.000906    860000
          22941.0     0.000953     0.000952     0.000956    910000
          22520.8     0.001026     0.001023     0.001033    960000
          22404.1     0.001085     0.001082     0.001089    1010000
          22276.2     0.001146     0.001142     0.001150    1060000
          21364.5     0.001251     0.001247     0.001256    1110000
          21028.2     0.001329     0.001324     0.001343    1160000
          19753.9     0.001473     0.001470     0.001478    1210000
          18384.7     0.001658     0.001645     0.001684    1260000
          17426.8     0.001813     0.001804     0.001823    1310000
          16668.9     0.001966     0.001958     0.001975    1360000
          15587.0     0.002176     0.002171     0.002183    1410000
          14891.9     0.002361     0.002353     0.002371    1460000
          14167.4     0.002564     0.002558     0.002572    1510000
          13376.0     0.002811     0.002799     0.002823    1560000
          12807.6     0.003026     0.003017     0.003039    1610000
          12349.5     0.003241     0.003226     0.003255    1660000
          12447.3     0.003308     0.003297     0.003319    1710000
          12037.5     0.003524     0.003509     0.003538    1760000
          11917.9     0.003664     0.003645     0.003685    1810000
          11375.8     0.003934     0.003924     0.003945    1860000
          11505.4     0.004007     0.003984     0.004065    1910000
          11495.7     0.004110     0.004092     0.004142    1960000
          11439.7     0.004224     0.004217     0.004235    2010000
          11290.2     0.004394     0.004379     0.004408    2060000
          10857.2     0.004711     0.004664     0.004955    2110000
          10959.9     0.004752     0.004730     0.004767    2160000
          10802.5     0.004928     0.004910     0.004940    2210000
          10534.3     0.005158     0.005149     0.005169    2260000
          10326.0     0.005381     0.005369     0.005401    2310000
           9962.9     0.005699     0.005685     0.005707    2360000
          10249.6     0.005659     0.005643     0.005673    2410000
          10584.4     0.005607     0.005578     0.005626    2460000
          10818.9     0.005580     0.005568     0.005595    2510000
          10953.8     0.005621     0.005609     0.005633    2560000
          10953.1     0.005736     0.005719     0.005749    2610000
          10950.2     0.005840     0.005830     0.005848    2660000
          10986.6     0.005930     0.005920     0.005938    2710000
          10517.5     0.006315     0.006298     0.006332    2760000
          10720.2     0.006303     0.006291     0.006323    2810000
          11024.6     0.006260     0.006226     0.006292    2860000
          10890.4     0.006425     0.006413     0.006436    2910000
          10929.2     0.006512     0.006500     0.006521    2960000
          11117.5     0.006515     0.006498     0.006527    3010000
          10988.9     0.006700     0.006683     0.006717    3060000
          10748.9     0.006961     0.006944     0.006975    3110000
          10647.2     0.007149     0.007123     0.007163    3160000
          10210.7     0.007561     0.007545     0.007574    3210000
          10496.5     0.007469     0.007454     0.007479    3260000
          10436.2     0.007626     0.007612     0.007645    3310000
          10247.8     0.007894     0.007869     0.007919    3360000
          10373.9     0.007912     0.007889     0.007940    3410000
          10676.0     0.007795     0.007778     0.007809    3460000
          10830.6     0.007808     0.007778     0.007836    3510000
          11050.3     0.007743     0.007732     0.007762    3560000
          11079.4     0.007859     0.007820     0.008016    3610000
          10934.8     0.008055     0.008033     0.008074    3660000
          10619.0     0.008393     0.008385     0.008400    3710000
          12416.2     0.008281     0.007268     0.008586    3760000
          12614.0     0.007299     0.007249     0.007372    3810000
          12383.6     0.007567     0.007481     0.007614    3860000
          12575.7     0.007492     0.007462     0.007531    3910000
          12318.9     0.007760     0.007715     0.007796    3960000
          12429.5     0.007799     0.007743     0.007908    4010000
          12653.0     0.007722     0.007701     0.007751    4060000
          12484.6     0.007924     0.007901     0.007951    4110000
          11538.3     0.008704     0.008653     0.008766    4160000
          11803.8     0.008634     0.008560     0.008893    4210000
          11976.0     0.008594     0.008537     0.008654    4260000
          12224.1     0.008492     0.008462     0.008506    4310000
          10329.8     0.010143     0.010130     0.010159    4360000
          10421.5     0.010178     0.010156     0.010195    4410000
          11045.3     0.009702     0.009691     0.009714    4460000
          10946.7     0.009903     0.009888     0.009948    4510000
          10889.7     0.010064     0.010050     0.010078    4560000
          12798.1     0.009910     0.008645     0.010075    4610000
          12163.3     0.009233     0.009195     0.009337    4660000
          12251.0     0.009245     0.009227     0.009255    4710000
          12741.5     0.008989     0.008966     0.009008    4760000
          12573.8     0.009202     0.009181     0.009219    4810000
          12901.5     0.009071     0.009041     0.009105    4860000
          12769.8     0.009242     0.009228     0.009269    4910000
          12680.1     0.009407     0.009388     0.009442    4960000
          12653.0     0.009540     0.009503     0.009619    5010000
          12555.9     0.009696     0.009672     0.009744    5060000
          10537.1     0.011652     0.011639     0.011661    5110000
          10527.2     0.011790     0.011764     0.011806    5160000
          10331.3     0.012130     0.012103     0.012151    5210000
          10342.6     0.012226     0.012206     0.012260    5260000
          10323.9     0.012365     0.012344     0.012415    5310000
          10748.5     0.011996     0.011968     0.012115    5360000
          12521.0     0.010397     0.010370     0.010446    5410000
          12641.4     0.010383     0.010366     0.010396    5460000
          12759.5     0.010384     0.010364     0.010422    5510000
          11029.0     0.012132     0.012099     0.012171    5560000
          12379.6     0.012280     0.010876     0.012667    5610000
          12123.2     0.011239     0.011205     0.011276    5660000
          12618.8     0.010894     0.010860     0.011042    5710000
          12378.2     0.011207     0.011168     0.011277    5760000
          12641.9     0.011045     0.011030     0.011067    5810000
          12341.2     0.011439     0.011396     0.011626    5860000
          12493.9     0.011395     0.011353     0.011438    5910000
          12221.5     0.011741     0.011704     0.011764    5960000
