2.753830e+08    2.726424e+08    2.457667e+08    10000000
3.006303e+08    3.140601e+08    2.665250e+08    20000000
2.884752e+08    3.056457e+08    2.578978e+08    30000000
3.092358e+08    3.131731e+08    2.470111e+08    40000000
2.982510e+08    3.054090e+08    2.616596e+08    50000000
2.955025e+08    3.153312e+08    2.554105e+08    60000000
2.957579e+08    2.959556e+08    2.503569e+08    70000000
2.959072e+08    3.116284e+08    2.529316e+08    80000000
2.915264e+08    2.912592e+08    2.535439e+08    90000000
2.976598e+08    3.011966e+08    2.552609e+08    100000000
3.039481e+08    3.056777e+08    2.617664e+08    110000000
3.026841e+08    2.980188e+08    2.647687e+08    120000000
3.050318e+08    2.974053e+08    2.642733e+08    130000000
2.990347e+08    3.119777e+08    2.602724e+08    140000000
2.905238e+08    2.975294e+08    2.602757e+08    150000000
2.953092e+08    3.072728e+08    2.544473e+08    160000000
2.894440e+08    2.950298e+08    2.575078e+08    170000000
3.062339e+08    3.131856e+08    2.539227e+08    180000000
3.026119e+08    3.037322e+08    2.537085e+08    190000000
3.003359e+08    3.103175e+08    2.564037e+08    200000000
2.960302e+08    2.963815e+08    2.563258e+08    210000000
2.945693e+08    3.047261e+08    2.542357e+08    220000000
3.046204e+08    3.014642e+08    2.568504e+08    230000000
2.923379e+08    3.088791e+08    2.531336e+08    240000000
2.968440e+08    3.106073e+08    2.552190e+08    250000000
3.002882e+08    3.021028e+08    2.611527e+08    260000000
3.010856e+08    2.995208e+08    2.560154e+08    270000000
3.000953e+08    3.021125e+08    2.572173e+08    280000000
3.059088e+08    3.060124e+08    2.569530e+08    290000000
3.038673e+08    3.021638e+08    2.612953e+08    300000000
3.066778e+08    2.996750e+08    2.577918e+08    310000000
3.011921e+08    3.051193e+08    2.548203e+08    320000000
2.943530e+08    3.031909e+08    2.581253e+08    330000000
2.964601e+08    3.025805e+08    2.556610e+08    340000000
2.981256e+08    3.044511e+08    2.574790e+08    350000000
3.025671e+08    3.010366e+08    2.555272e+08    360000000
3.015628e+08    3.025679e+08    2.576907e+08    370000000
3.004751e+08    3.012824e+08    2.527843e+08    380000000
2.984369e+08    2.965700e+08    2.483183e+08    390000000
2.944201e+08    3.031566e+08    2.590919e+08    400000000
3.050899e+08    3.021854e+08    2.535337e+08    410000000
3.045423e+08    3.041583e+08    2.557841e+08    420000000
3.060026e+08    3.060862e+08    2.581126e+08    430000000
3.018311e+08    3.072263e+08    2.578427e+08    440000000
3.072642e+08    3.021089e+08    2.536878e+08    450000000
3.044035e+08    3.100479e+08    2.544479e+08    460000000
3.084293e+08    3.057664e+08    2.590637e+08    470000000
3.051364e+08    3.056083e+08    2.578628e+08    480000000
3.083068e+08    3.017857e+08    2.559360e+08    490000000
3.016671e+08    3.079559e+08    2.583626e+08    500000000
3.062467e+08    3.044322e+08    2.521224e+08    510000000
3.013258e+08    3.011365e+08    2.562709e+08    520000000
3.049140e+08    3.033083e+08    2.591022e+08    530000000
3.000960e+08    3.011173e+08    2.582929e+08    540000000
3.029684e+08    3.029525e+08    2.589743e+08    550000000
3.024332e+08    3.023495e+08    2.590367e+08    560000000
3.071139e+08    3.003739e+08    2.579720e+08    570000000
3.022875e+08    3.035387e+08    2.567862e+08    580000000
3.016131e+08    3.033652e+08    2.582963e+08    590000000
3.014173e+08    2.995342e+08    2.579701e+08    600000000
2.955538e+08    3.010941e+08    2.598037e+08    610000000
3.042853e+08    3.082542e+08    2.578881e+08    620000000
3.068542e+08    3.070288e+08    2.600634e+08    630000000
3.050606e+08    3.017628e+08    2.561544e+08    640000000
3.008531e+08    3.035430e+08    2.559940e+08    650000000
3.040791e+08    3.093468e+08    2.560785e+08    660000000
3.026591e+08    3.048287e+08    2.575373e+08    670000000
3.054154e+08    3.052232e+08    2.589120e+08    680000000
3.033386e+08    3.028676e+08    2.588152e+08    690000000
3.053546e+08    3.012607e+08    2.533110e+08    700000000
3.014033e+08    3.043001e+08    2.582698e+08    710000000
2.980346e+08    3.038080e+08    2.571243e+08    720000000
3.039538e+08    3.036103e+08    2.566369e+08    730000000
3.045512e+08    3.083400e+08    2.561046e+08    740000000
2.952329e+08    3.058840e+08    2.588261e+08    750000000
2.985431e+08    2.961566e+08    2.575897e+08    760000000
3.057306e+08    3.048971e+08    2.565105e+08    770000000
3.076913e+08    3.086452e+08    2.593064e+08    780000000
3.055235e+08    3.041352e+08    2.584719e+08    790000000
3.073921e+08    3.031556e+08    2.562494e+08    800000000
3.048382e+08    3.054460e+08    2.586621e+08    810000000
3.072039e+08    3.031661e+08    2.589814e+08    820000000
3.026265e+08    3.043251e+08    2.591647e+08    830000000
3.054311e+08    3.055093e+08    2.592412e+08    840000000
3.066916e+08    3.046555e+08    2.587948e+08    850000000
3.054913e+08    3.085693e+08    2.578166e+08    860000000
3.039038e+08    3.006261e+08    2.567870e+08    870000000
3.023971e+08    3.053274e+08    2.584964e+08    880000000
3.046127e+08    3.058648e+08    2.578428e+08    890000000
3.040904e+08    3.090270e+08    2.585652e+08    900000000
3.062898e+08    3.054059e+08    2.590296e+08    910000000
3.083237e+08    3.088386e+08    2.589333e+08    920000000
3.054346e+08    3.063625e+08    2.577144e+08    930000000
3.072234e+08    3.070088e+08    2.589748e+08    940000000
3.073461e+08    3.042494e+08    2.587912e+08    950000000
3.085215e+08    3.068317e+08    2.588884e+08    960000000
3.055457e+08    3.050352e+08    2.574436e+08    970000000
3.016740e+08    3.045601e+08    2.595174e+08    980000000
3.069099e+08    3.060143e+08    2.584008e+08    990000000
3.077901e+08    3.051813e+08    2.574582e+08    1000000000
