295790126.939351    343795409.836066    261816729.088639    1000
348508849.189863    347786401.326700    259067572.575664    2000
279527090.969677    299165763.195435    241990711.091879    4000
271827867.790019    270077527.366388    183367571.998470    8000
271739812.115322    273222310.886736    238660208.400014    16000
267068067.494429    284064695.549112    238715389.951089    32000
328425693.102014    320416648.960932    244628236.066052    64000
334667908.414839    294679623.246317    275113844.577109    128000
301329317.636494    357521859.027933    252777173.959103    256000
331314367.350591    363463422.015134    268525076.244196    512000
333021164.334596    360906457.375741    268870858.746883    1024000
342739711.825129    366280083.677941    270053922.916781    2048000
355995275.131738    365080936.467358    264160391.538500    4096000
334414983.618310    355871129.838333    275189289.128435    8192000
355103115.226774    370722340.264092    268784392.738604    16384000
348450957.060901    352291768.377677    268245818.780145    32768000
352400109.351530    360822561.127487    264479567.440220    65536000
338385469.168230    360063834.197516    269252203.899895    131072000
320883518.479317    361288900.664837    263087565.983105    262144000
