2.399282e+08    2.915627e+08    2.428594e+08    10000000
2.789554e+08    2.848192e+08    2.455372e+08    20000000
2.863527e+08    2.878522e+08    2.568539e+08    30000000
2.961671e+08    2.990676e+08    2.430695e+08    40000000
2.826789e+08    2.861623e+08    2.496119e+08    50000000
2.847921e+08    2.864603e+08    2.587948e+08    60000000
2.934346e+08    2.987545e+08    2.518285e+08    70000000
2.928170e+08    2.933800e+08    2.585699e+08    80000000
2.911765e+08    2.871563e+08    2.513118e+08    90000000
2.958450e+08    3.048064e+08    2.485880e+08    100000000
2.894531e+08    2.990267e+08    2.594659e+08    110000000
2.867719e+08    2.915012e+08    2.593843e+08    120000000
2.985343e+08    2.966911e+08    2.594205e+08    130000000
2.928747e+08    2.977545e+08    2.526966e+08    140000000
2.952129e+08    2.966121e+08    2.549420e+08    150000000
2.868572e+08    2.916711e+08    2.541033e+08    160000000
2.841209e+08    2.961512e+08    2.538966e+08    170000000
2.963280e+08    2.896531e+08    2.498012e+08    180000000
2.901135e+08    2.949646e+08    2.577649e+08    190000000
2.883577e+08    2.916715e+08    2.487757e+08    200000000
2.904207e+08    2.942078e+08    2.527499e+08    210000000
2.810589e+08    3.044208e+08    2.501085e+08    220000000
2.968872e+08    2.969704e+08    2.537234e+08    230000000
2.921371e+08    3.062986e+08    2.545223e+08    240000000
2.912860e+08    2.979226e+08    2.500212e+08    250000000
2.939175e+08    2.962598e+08    2.514072e+08    260000000
2.907856e+08    2.944817e+08    2.536085e+08    270000000
2.938541e+08    2.986157e+08    2.547529e+08    280000000
2.950948e+08    2.978098e+08    2.517643e+08    290000000
2.950172e+08    2.990165e+08    2.501937e+08    300000000
2.917381e+08    2.977308e+08    2.532893e+08    310000000
2.872439e+08    3.009298e+08    2.544703e+08    320000000
2.943239e+08    2.945253e+08    2.553867e+08    330000000
2.964769e+08    2.808418e+08    2.571503e+08    340000000
2.945662e+08    2.884291e+08    2.536395e+08    350000000
2.973175e+08    2.969329e+08    2.570556e+08    360000000
3.087135e+08    3.138767e+08    2.513111e+08    370000000
2.962762e+08    3.040382e+08    2.453902e+08    380000000
2.932154e+08    2.970808e+08    2.564652e+08    390000000
2.760086e+08    2.745746e+08    2.495814e+08    400000000
2.918430e+08    2.982245e+08    2.513248e+08    410000000
2.860289e+08    3.022150e+08    2.530389e+08    420000000
2.722541e+08    2.895623e+08    2.532670e+08    430000000
2.996341e+08    2.985541e+08    2.525956e+08    440000000
2.957372e+08    2.977037e+08    2.551699e+08    450000000
2.942068e+08    3.006939e+08    2.539663e+08    460000000
2.968077e+08    2.964731e+08    2.539459e+08    470000000
2.951095e+08    2.994658e+08    2.530355e+08    480000000
2.988727e+08    2.942462e+08    2.552480e+08    490000000
2.968011e+08    2.961933e+08    2.561078e+08    500000000
2.963678e+08    2.987099e+08    2.538760e+08    510000000
2.949449e+08    2.983458e+08    2.520806e+08    520000000
2.947139e+08    2.979944e+08    2.552853e+08    530000000
2.956715e+08    2.987919e+08    2.522285e+08    540000000
2.926201e+08    2.997712e+08    2.551165e+08    550000000
2.914581e+08    3.012181e+08    2.539401e+08    560000000
2.962954e+08    2.955616e+08    2.514587e+08    570000000
2.908780e+08    2.915796e+08    2.558447e+08    580000000
2.800304e+08    2.851711e+08    2.477811e+08    590000000
2.802044e+08    2.952333e+08    2.495831e+08    600000000
2.775489e+08    2.884588e+08    2.399864e+08    610000000
2.784153e+08    2.744044e+08    2.344433e+08    620000000
2.660758e+08    2.803920e+08    2.518974e+08    630000000
2.934478e+08    2.865169e+08    2.537617e+08    640000000
2.932776e+08    2.927588e+08    2.547698e+08    650000000
2.952900e+08    3.003338e+08    2.549247e+08    660000000
2.876145e+08    2.911706e+08    2.521687e+08    670000000
2.875171e+08    2.909645e+08    2.509948e+08    680000000
2.824909e+08    2.899719e+08    2.537414e+08    690000000
2.918900e+08    2.898796e+08    2.538730e+08    700000000
2.960182e+08    3.009528e+08    2.545226e+08    710000000
2.954462e+08    3.024074e+08    2.536929e+08    720000000
2.937218e+08    3.016102e+08    2.534222e+08    730000000
2.963207e+08    2.915020e+08    2.448944e+08    740000000
2.960815e+08    2.995895e+08    2.550361e+08    750000000
2.929368e+08    3.010196e+08    2.560211e+08    760000000
2.970222e+08    2.983432e+08    2.555512e+08    770000000
2.934559e+08    2.951393e+08    2.521874e+08    780000000
2.957037e+08    3.015888e+08    2.530700e+08    790000000
2.938944e+08    3.008527e+08    2.552673e+08    800000000
2.970019e+08    3.024635e+08    2.538106e+08    810000000
2.938227e+08    3.043554e+08    2.530743e+08    820000000
2.956012e+08    2.979566e+08    2.554619e+08    830000000
2.986745e+08    2.983854e+08    2.571874e+08    840000000
2.979126e+08    3.027372e+08    2.556720e+08    850000000
2.964986e+08    2.929861e+08    2.547366e+08    860000000
2.975979e+08    3.041360e+08    2.513280e+08    870000000
2.962072e+08    2.922995e+08    2.522365e+08    880000000
2.947011e+08    3.003853e+08    2.537534e+08    890000000
2.932228e+08    2.985330e+08    2.548828e+08    900000000
2.950388e+08    2.995432e+08    2.492064e+08    910000000
2.934341e+08    2.978914e+08    2.557770e+08    920000000
2.912021e+08    3.008642e+08    2.541944e+08    930000000
2.937372e+08    2.998181e+08    2.540023e+08    940000000
2.954203e+08    2.949409e+08    2.525894e+08    950000000
2.869517e+08    2.966855e+08    2.549805e+08    960000000
2.981325e+08    2.979689e+08    2.558061e+08    970000000
2.918718e+08    2.928823e+08    2.555290e+08    980000000
2.970793e+08    2.995422e+08    2.551689e+08    990000000
2.986708e+08    3.019006e+08    2.546596e+08    1000000000
