1.079657e+08    2.922188e+08    2.716061e+08    10000000
1.948103e+08    3.254211e+08    2.571851e+08    20000000
2.098502e+08    3.034967e+08    2.548939e+08    30000000
2.435222e+08    3.137259e+08    2.579729e+08    40000000
2.499514e+08    3.080676e+08    2.643347e+08    50000000
2.585648e+08    3.132505e+08    2.630716e+08    60000000
2.648595e+08    3.129414e+08    2.622744e+08    70000000
2.651059e+08    3.060338e+08    2.585591e+08    80000000
2.622165e+08    2.985114e+08    2.574377e+08    90000000
2.666658e+08    3.113733e+08    2.671683e+08    100000000
2.906408e+08    3.055469e+08    2.609795e+08    110000000
2.816313e+08    2.949026e+08    2.626430e+08    120000000
2.748542e+08    3.094185e+08    2.604929e+08    130000000
2.813952e+08    3.129065e+08    2.586161e+08    140000000
2.706530e+08    3.044073e+08    2.648024e+08    150000000
2.732875e+08    3.039231e+08    2.631445e+08    160000000
2.981911e+08    3.169526e+08    2.579126e+08    170000000
2.834414e+08    3.143319e+08    2.698137e+08    180000000
3.012550e+08    3.133234e+08    2.593283e+08    190000000
2.887240e+08    3.183780e+08    2.571577e+08    200000000
2.944728e+08    3.115015e+08    2.604144e+08    210000000
2.823953e+08    3.102078e+08    2.639222e+08    220000000
2.848717e+08    3.000832e+08    2.614593e+08    230000000
2.849920e+08    3.030070e+08    2.539188e+08    240000000
2.627149e+08    3.039521e+08    2.592595e+08    250000000
2.932035e+08    2.948531e+08    2.588342e+08    260000000
2.871125e+08    2.691307e+08    2.398438e+08    270000000
2.643345e+08    2.890126e+08    2.586135e+08    280000000
2.639118e+08    2.673075e+08    2.359682e+08    290000000
2.739280e+08    2.908674e+08    2.551517e+08    300000000
3.153412e+08    3.193414e+08    2.683695e+08    310000000
2.807996e+08    2.964058e+08    2.562608e+08    320000000
2.861632e+08    2.972034e+08    2.503754e+08    330000000
2.890038e+08    2.976376e+08    2.567978e+08    340000000
2.932259e+08    3.011237e+08    2.575899e+08    350000000
2.706451e+08    2.704731e+08    2.473521e+08    360000000
2.871942e+08    3.088393e+08    2.572077e+08    370000000
3.105630e+08    2.918020e+08    2.505532e+08    380000000
2.973712e+08    3.091215e+08    2.654808e+08    390000000
3.099238e+08    3.258651e+08    2.679107e+08    400000000
3.071421e+08    3.164575e+08    2.657225e+08    410000000
2.961192e+08    3.132916e+08    2.694603e+08    420000000
3.033932e+08    3.218382e+08    2.654632e+08    430000000
2.956757e+08    3.094946e+08    2.684339e+08    440000000
3.064214e+08    3.139351e+08    2.672160e+08    450000000
3.018044e+08    3.192133e+08    2.673239e+08    460000000
3.099311e+08    3.151355e+08    2.699279e+08    470000000
3.034606e+08    3.192690e+08    2.663860e+08    480000000
3.118294e+08    3.219087e+08    2.660396e+08    490000000
3.136912e+08    3.210009e+08    2.703577e+08    500000000
3.132444e+08    3.235041e+08    2.684217e+08    510000000
3.173483e+08    3.247390e+08    2.708558e+08    520000000
3.174462e+08    3.262560e+08    2.686361e+08    530000000
3.188521e+08    3.257834e+08    2.717058e+08    540000000
3.159852e+08    3.211714e+08    2.688779e+08    550000000
3.091451e+08    3.203911e+08    2.703556e+08    560000000
3.162543e+08    3.190818e+08    2.624655e+08    570000000
2.986030e+08    3.113205e+08    2.679145e+08    580000000
3.032463e+08    3.220204e+08    2.710839e+08    590000000
3.096574e+08    3.138635e+08    2.702812e+08    600000000
3.014266e+08    3.217530e+08    2.705250e+08    610000000
3.064804e+08    3.215733e+08    2.690830e+08    620000000
2.901632e+08    3.229000e+08    2.600615e+08    630000000
3.037585e+08    3.187943e+08    2.636798e+08    640000000
2.966023e+08    3.158309e+08    2.485175e+08    650000000
2.747534e+08    2.895858e+08    2.641368e+08    660000000
3.113128e+08    3.175882e+08    2.673633e+08    670000000
3.165130e+08    3.208578e+08    2.661037e+08    680000000
3.122877e+08    3.188612e+08    2.637959e+08    690000000
3.091486e+08    3.208594e+08    2.738146e+08    700000000
3.089732e+08    3.162956e+08    2.689891e+08    710000000
2.973340e+08    3.234535e+08    2.656006e+08    720000000
3.074029e+08    3.198026e+08    2.728946e+08    730000000
3.074886e+08    3.240675e+08    2.706650e+08    740000000
3.154047e+08    3.198780e+08    2.552357e+08    750000000
2.899116e+08    2.961460e+08    2.558367e+08    760000000
2.904793e+08    3.005287e+08    2.608962e+08    770000000
3.100582e+08    3.131066e+08    2.656211e+08    780000000
3.084782e+08    3.153897e+08    2.713330e+08    790000000
3.080077e+08    3.244779e+08    2.715213e+08    800000000
3.142002e+08    3.198131e+08    2.649032e+08    810000000
3.110908e+08    3.173372e+08    2.715932e+08    820000000
3.078565e+08    3.196080e+08    2.721678e+08    830000000
3.116735e+08    3.199671e+08    2.667724e+08    840000000
3.089192e+08    3.242384e+08    2.698191e+08    850000000
3.066547e+08    3.239516e+08    2.692108e+08    860000000
3.075565e+08    3.261079e+08    2.729661e+08    870000000
3.057833e+08    3.184243e+08    2.699939e+08    880000000
3.122937e+08    3.240593e+08    2.677449e+08    890000000
3.120953e+08    3.251957e+08    2.720240e+08    900000000
3.106014e+08    3.221698e+08    2.711095e+08    910000000
3.127319e+08    3.205686e+08    2.723097e+08    920000000
3.122852e+08    3.194732e+08    2.714205e+08    930000000
3.107133e+08    3.277344e+08    2.704120e+08    940000000
3.055621e+08    3.190016e+08    2.701228e+08    950000000
3.138366e+08    3.209635e+08    2.710534e+08    960000000
3.113852e+08    3.236427e+08    2.709620e+08    970000000
3.129404e+08    3.263582e+08    2.702413e+08    980000000
2.819216e+08    3.172068e+08    2.688929e+08    990000000
3.151413e+08    3.289696e+08    2.735808e+08    1000000000
