          13317.8     0.036074     0.036042     0.036099    1
          25364.6     0.020915     0.018924     0.021498    2
          28027.8     0.017346     0.017126     0.017568    3
          46435.7     0.010386     0.010337     0.010461    4
          46720.2     0.010373     0.010274     0.010444    5
          57485.7     0.008382     0.008350     0.008403    6
          52464.3     0.009637     0.009149     0.010356    7
          59537.7     0.008126     0.008062     0.008167    8
          54619.3     0.008843     0.008788     0.008915    9
          62120.6     0.007784     0.007727     0.007857    10
          48676.6     0.009913     0.009861     0.009998    11
          64069.8     0.007520     0.007492     0.007588    12
          59238.1     0.008145     0.008103     0.008176    13
          63811.9     0.007549     0.007522     0.007583    14
          59634.7     0.008109     0.008049     0.008189    15
          63813.9     0.007574     0.007522     0.007636    16
          56730.9     0.008514     0.008461     0.008551    17
          63415.9     0.007584     0.007569     0.007626    18
          58365.7     0.008249     0.008224     0.008296    19
          56810.9     0.008484     0.008449     0.008513    20
          60759.5     0.007917     0.007900     0.007944    21
          57096.1     0.008454     0.008407     0.008504    22
          61824.9     0.007818     0.007764     0.007926    23
          63966.0     0.007529     0.007504     0.007557    24
