           9679.2     0.000250     0.000248     0.000256    1
          19029.0     0.000129     0.000126     0.000142    2
          27579.0     0.000091     0.000087     0.000108    3
          36873.0     0.000066     0.000065     0.000066    4
          44345.1     0.000060     0.000054     0.000086    5
          53544.3     0.000047     0.000045     0.000051    6
          64944.1     0.000039     0.000037     0.000043    7
          72419.6     0.000037     0.000033     0.000055    8
          79891.5     0.000033     0.000030     0.000044    9
          89082.6     0.000028     0.000027     0.000030    10
         104857.6     0.000023     0.000023     0.000024    11
         109416.6     0.000023     0.000022     0.000026    12
         114390.1     0.000027     0.000021     0.000049    13
         109416.6     0.000024     0.000022     0.000030    14
         121281.1     0.000021     0.000020     0.000027    15
         134217.7     0.000021     0.000018     0.000032    16
         239674.5     0.000010     0.000010     0.000011    17
         134217.7     0.000018     0.000018     0.000019    18
         109416.6     0.000024     0.000022     0.000027    19
         127421.9     0.000019     0.000019     0.000021    20
         109416.6     0.000025     0.000022     0.000034    21
         201326.6     0.000022     0.000012     0.000047    22
         114390.1     0.000023     0.000021     0.000025    23
         239674.5     0.000011     0.000010     0.000013    24
