          17558.3     0.001793     0.001777     0.001808    1
          34859.4     0.001143     0.000895     0.001656    2
          63928.8     0.000492     0.000488     0.000497    3
          85755.1     0.000366     0.000364     0.000368    4
         105449.1     0.000299     0.000296     0.000306    5
         125347.0     0.000251     0.000249     0.000258    6
         145080.1     0.000264     0.000215     0.000480    7
         166068.9     0.000189     0.000188     0.000190    8
         185883.9     0.000258     0.000168     0.000377    9
         206733.5     0.000214     0.000151     0.000297    10
         226014.3     0.000140     0.000138     0.000146    11
         245520.2     0.000147     0.000127     0.000285    12
         264368.3     0.000143     0.000118     0.000305    13
         281424.3     0.000113     0.000111     0.000124    14
         297414.3     0.000155     0.000105     0.000277    15
         315330.8     0.000099     0.000099     0.000100    16
         335544.3     0.000104     0.000093     0.000188    17
         354640.3     0.000090     0.000088     0.000099    18
         367590.7     0.000088     0.000085     0.000100    19
         386024.4     0.000084     0.000081     0.000094    20
         400190.5     0.000079     0.000078     0.000081    21
         405146.4     0.000103     0.000077     0.000206    22
         422136.4     0.000116     0.000074     0.000188    23
         446629.0     0.000080     0.000070     0.000155    24
