          12887.1     0.003175     0.003166     0.003187    1
          23790.9     0.001721     0.001715     0.001732    2
          56589.8     0.000726     0.000721     0.000742    3
          86080.3     0.000477     0.000474     0.000485    4
         103026.9     0.000399     0.000396     0.000405    5
         112732.3     0.000440     0.000362     0.000711    6
         146262.9     0.000283     0.000279     0.000293    7
         167116.8     0.000314     0.000244     0.000558    8
         179003.8     0.000242     0.000228     0.000344    9
         205929.7     0.000199     0.000198     0.000200    10
         214714.7     0.000190     0.000190     0.000191    11
         247294.2     0.000165     0.000165     0.000167    12
         266553.9     0.000157     0.000153     0.000177    13
         263273.2     0.000158     0.000155     0.000173    14
         300223.9     0.000137     0.000136     0.000138    15
         321668.4     0.000148     0.000127     0.000287    16
         340213.9     0.000131     0.000120     0.000211    17
         355036.5     0.000127     0.000115     0.000209    18
         371209.6     0.000189     0.000110     0.000244    19
         381981.3     0.000140     0.000107     0.000226    20
         388926.4     0.000132     0.000105     0.000221    21
         396128.7     0.000104     0.000103     0.000107    22
         434334.0     0.000099     0.000094     0.000126    23
         463760.4     0.000091     0.000088     0.000100    24
