          11490.2     0.005242     0.005222     0.005252    1
          33576.8     0.001809     0.001787     0.001886    2
          36808.3     0.001644     0.001630     0.001652    3
          64100.4     0.000941     0.000936     0.000944    4
          63088.1     0.000962     0.000951     0.000979    5
          90103.2     0.000675     0.000666     0.000683    6
          89558.1     0.000682     0.000670     0.000700    7
         120238.1     0.000509     0.000499     0.000525    8
         113257.5     0.000537     0.000530     0.000551    9
         139887.8     0.000433     0.000429     0.000437    10
         139887.8     0.000437     0.000429     0.000456    11
         167103.7     0.000364     0.000359     0.000371    12
         165347.1     0.000374     0.000363     0.000390    13
         189359.1     0.000322     0.000317     0.000327    14
         186275.5     0.000329     0.000322     0.000335    15
         193583.3     0.000319     0.000310     0.000328    16
         183424.4     0.000360     0.000327     0.000450    17
         219023.7     0.000281     0.000274     0.000287    18
         198625.3     0.000312     0.000302     0.000320    19
         203442.4     0.000303     0.000295     0.000316    20
         215092.5     0.000287     0.000279     0.000311    21
         169924.5     0.000362     0.000353     0.000374    22
         170039.4     0.000364     0.000353     0.000383    23
         237189.7     0.000259     0.000253     0.000265    24
