          10940.0     0.010985     0.010969     0.011004    1
          21727.5     0.005543     0.005523     0.005564    2
          30472.6     0.004664     0.003938     0.004888    3
          40320.2     0.002988     0.002976     0.002997    4
          44431.2     0.002733     0.002701     0.002789    5
          52308.9     0.002316     0.002294     0.002341    6
          50483.1     0.002408     0.002377     0.002438    7
          58826.1     0.002079     0.002040     0.002124    8
          56017.4     0.002213     0.002142     0.002270    9
          50804.1     0.002384     0.002362     0.002405    10
          59088.6     0.002096     0.002031     0.002136    11
          53618.5     0.002293     0.002238     0.002405    12
          48367.9     0.002510     0.002481     0.002553    13
          57972.4     0.002092     0.002070     0.002117    14
          59081.6     0.002052     0.002031     0.002068    15
          59670.0     0.002045     0.002011     0.002060    16
          56211.4     0.002146     0.002135     0.002155    17
          61223.3     0.001977     0.001960     0.002005    18
          59613.5     0.002044     0.002013     0.002087    19
          54869.3     0.002197     0.002187     0.002209    20
          55584.4     0.002176     0.002159     0.002193    21
          60669.8     0.001988     0.001978     0.001995    22
          57693.3     0.002100     0.002080     0.002127    23
          59613.5     0.002027     0.002013     0.002037    24
