          19355.2     0.001496     0.001488     0.001515    1
          43624.4     0.000663     0.000660     0.000664    2
          65014.0     0.000445     0.000443     0.000446    3
          86221.2     0.000355     0.000334     0.000505    4
         106710.2     0.000271     0.000270     0.000275    5
         126355.6     0.000312     0.000228     0.000511    6
         146242.1     0.000199     0.000197     0.000208    7
         166615.1     0.000173     0.000173     0.000175    8
         185839.9     0.000155     0.000155     0.000156    9
         207197.2     0.000140     0.000139     0.000142    10
         227060.1     0.000128     0.000127     0.000131    11
         244032.2     0.000122     0.000118     0.000132    12
         262030.3     0.000111     0.000110     0.000113    13
         279620.3     0.000203     0.000103     0.000234    14
         300487.5     0.000097     0.000096     0.000097    15
         316219.8     0.000092     0.000091     0.000095    16
         334614.8     0.000087     0.000086     0.000088    17
         351151.0     0.000141     0.000082     0.000209    18
         364942.5     0.000079     0.000079     0.000080    19
         384700.5     0.000122     0.000075     0.000219    20
         177641.1     0.000165     0.000162     0.000173    21
         184703.3     0.000161     0.000156     0.000187    22
         429878.8     0.000069     0.000067     0.000071    23
         444102.8     0.000065     0.000065     0.000066    24
