          11143.9     0.006477     0.006461     0.006490    1
          27639.6     0.002646     0.002605     0.002861    2
          33240.5     0.002192     0.002166     0.002210    3
          52474.4     0.001382     0.001372     0.001403    4
          50491.5     0.001450     0.001426     0.001467    5
          57423.4     0.001392     0.001254     0.001458    6
          65564.5     0.001111     0.001098     0.001149    7
          77832.4     0.000940     0.000925     0.000968    8
          74547.0     0.000986     0.000966     0.001019    9
          90335.0     0.000819     0.000797     0.000847    10
          80082.2     0.000926     0.000899     0.000967    11
          79471.0     0.000924     0.000906     0.000933    12
          90933.4     0.000803     0.000792     0.000814    13
          75800.7     0.000973     0.000950     0.001001    14
          68369.9     0.001080     0.001053     0.001096    15
          72733.6     0.001021     0.000990     0.001043    16
          91818.1     0.000797     0.000784     0.000818    17
          95506.0     0.000769     0.000754     0.000804    18
         102300.1     0.000717     0.000704     0.000729    19
          96513.2     0.000756     0.000746     0.000766    20
         104494.8     0.000701     0.000689     0.000723    21
          91818.1     0.000795     0.000784     0.000808    22
         101851.6     0.000722     0.000707     0.000732    23
          97416.1     0.000764     0.000739     0.000810    24
