          20418.5     0.001299     0.001293     0.001305    1
          43628.7     0.000607     0.000605     0.000612    2
          65365.8     0.000408     0.000404     0.000414    3
          86846.8     0.000347     0.000304     0.000680    4
         106368.5     0.000284     0.000248     0.000553    5
         126983.5     0.000211     0.000208     0.000220    6
         147639.5     0.000252     0.000179     0.000397    7
         168282.1     0.000158     0.000157     0.000161    8
         188636.5     0.000141     0.000140     0.000142    9
         208138.4     0.000201     0.000127     0.000311    10
         227838.7     0.000119     0.000116     0.000130    11
         244436.3     0.000149     0.000108     0.000262    12
         264271.2     0.000169     0.000100     0.000228    13
         281039.7     0.000121     0.000094     0.000212    14
         303368.8     0.000088     0.000087     0.000089    15
         143618.2     0.000188     0.000184     0.000210    16
         338622.7     0.000079     0.000078     0.000081    17
         352642.1     0.000077     0.000075     0.000087    18
         366654.4     0.000123     0.000072     0.000164    19
         377916.8     0.000109     0.000070     0.000155    20
         407094.2     0.000104     0.000065     0.000148    21
         413170.2     0.000092     0.000064     0.000144    22
         425883.2     0.000080     0.000062     0.000137    23
         441153.9     0.000061     0.000060     0.000063    24
