          21090.2     0.001141     0.001138     0.001145    1
          43652.8     0.000553     0.000550     0.000557    2
          64860.4     0.000423     0.000370     0.000830    3
          85163.5     0.000359     0.000282     0.000623    4
         106184.9     0.000289     0.000226     0.000504    5
         125672.0     0.000320     0.000191     0.000426    6
         146312.9     0.000262     0.000164     0.000368    7
         167772.2     0.000146     0.000143     0.000156    8
         187454.9     0.000129     0.000128     0.000131    9
         208845.0     0.000118     0.000115     0.000123    10
         228780.2     0.000107     0.000105     0.000110    11
         244922.9     0.000100     0.000098     0.000112    12
         261463.1     0.000092     0.000092     0.000094    13
         279620.3     0.000087     0.000086     0.000089    14
         296068.5     0.000082     0.000081     0.000085    15
         316551.2     0.000133     0.000076     0.000209    16
         333322.2     0.000074     0.000072     0.000085    17
         348315.9     0.000085     0.000069     0.000202    18
         364722.1     0.000067     0.000066     0.000067    19
         174158.0     0.000148     0.000138     0.000196    20
         393216.0     0.000062     0.000061     0.000063    21
         401049.0     0.000062     0.000060     0.000070    22
         200125.8     0.000123     0.000120     0.000132    23
         437666.5     0.000056     0.000055     0.000056    24
