          22047.7     0.000767     0.000762     0.000775    1
          43875.7     0.000385     0.000383     0.000390    2
          65124.1     0.000286     0.000258     0.000496    3
          85723.0     0.000283     0.000196     0.000475    4
         105013.9     0.000224     0.000160     0.000306    5
         126280.1     0.000230     0.000133     0.000270    6
          76425.5     0.000222     0.000220     0.000227    7
         166189.4     0.000130     0.000101     0.000232    8
          83587.6     0.000203     0.000201     0.000208    9
         204838.1     0.000083     0.000082     0.000088    10
         221585.9     0.000159     0.000076     0.000173    11
         109077.9     0.000157     0.000154     0.000167    12
         254383.8     0.000067     0.000066     0.000068    13
         275251.2     0.000063     0.000061     0.000070    14
         130007.9     0.000130     0.000129     0.000133    15
         306366.6     0.000085     0.000055     0.000122    16
         323230.8     0.000088     0.000052     0.000120    17
         156936.1     0.000108     0.000107     0.000111    18
         156936.1     0.000108     0.000107     0.000111    19
         357686.8     0.000067     0.000047     0.000110    20
         178843.4     0.000095     0.000094     0.000096    21
         374810.1     0.000051     0.000045     0.000094    22
         400365.4     0.000050     0.000042     0.000098    23
         419430.4     0.000041     0.000040     0.000043    24
