          11023.1     0.008738     0.008709     0.008766    1
          20534.1     0.005354     0.004675     0.005520    2
          30662.0     0.003662     0.003131     0.003762    3
          36183.8     0.002838     0.002653     0.002995    4
          44779.0     0.002196     0.002144     0.002237    5
          52002.2     0.001926     0.001846     0.001995    6
          52510.8     0.001895     0.001828     0.001988    7
          51721.7     0.001905     0.001856     0.002072    8
          60952.6     0.001601     0.001575     0.001648    9
          61464.4     0.001590     0.001562     0.001618    10
          59109.4     0.001652     0.001624     0.001703    11
          51529.7     0.001896     0.001863     0.001948    12
          62128.2     0.001566     0.001545     0.001595    13
          59476.1     0.001627     0.001614     0.001644    14
          57073.4     0.001722     0.001682     0.001753    15
          48559.2     0.001994     0.001977     0.002019    16
          60115.4     0.001612     0.001597     0.001624    17
          63822.0     0.001521     0.001504     0.001548    18
          64249.8     0.001500     0.001494     0.001512    19
          50610.0     0.001913     0.001897     0.001926    20
          59696.5     0.001630     0.001608     0.001659    21
          65355.2     0.001495     0.001469     0.001547    22
          59109.4     0.001636     0.001624     0.001656    23
          66997.2     0.001441     0.001433     0.001447    24
