          12902.6     0.003172     0.003162     0.003194    1
          43688.4     0.000949     0.000934     0.001053    2
          56815.3     0.000723     0.000718     0.000727    3
          86471.8     0.000473     0.000472     0.000476    4
          96247.2     0.000429     0.000424     0.000434    5
         124819.6     0.000328     0.000327     0.000329    6
         142250.7     0.000325     0.000287     0.000616    7
         167936.8     0.000249     0.000243     0.000288    8
         186413.5     0.000221     0.000219     0.000223    9
         209202.4     0.000197     0.000195     0.000198    10
         223112.9     0.000210     0.000183     0.000404    11
         220525.3     0.000187     0.000185     0.000190    12
         263273.2     0.000200     0.000155     0.000363    13
         285212.7     0.000144     0.000143     0.000148    14
         302345.6     0.000136     0.000135     0.000138    15
         321064.9     0.000194     0.000127     0.000288    16
         323492.6     0.000128     0.000126     0.000130    17
         361028.7     0.000115     0.000113     0.000118    18
         364101.3     0.000115     0.000112     0.000126    19
         384556.4     0.000107     0.000106     0.000110    20
         399830.8     0.000137     0.000102     0.000282    21
         403602.8     0.000103     0.000101     0.000106    22
         429968.9     0.000098     0.000095     0.000108    23
         449153.8     0.000093     0.000091     0.000100    24
