          21183.4     0.001138     0.001133     0.001144    1
          42331.1     0.000571     0.000567     0.000576    2
          65238.7     0.000419     0.000368     0.000827    3
          86332.2     0.000359     0.000278     0.000636    4
         106184.9     0.000322     0.000226     0.000513    5
         126302.8     0.000266     0.000190     0.000417    6
         146525.9     0.000165     0.000164     0.000167    7
         168052.2     0.000145     0.000143     0.000157    8
         187804.7     0.000129     0.000128     0.000131    9
         207126.1     0.000117     0.000116     0.000117    10
         226719.1     0.000213     0.000106     0.000272    11
         244922.9     0.000101     0.000098     0.000123    12
         264208.1     0.000129     0.000091     0.000203    13
         281970.0     0.000086     0.000085     0.000089    14
         299593.1     0.000082     0.000080     0.000089    15
         316551.2     0.000088     0.000076     0.000170    16
         333322.2     0.000114     0.000072     0.000165    17
         353204.5     0.000072     0.000068     0.000083    18
         364722.1     0.000067     0.000066     0.000069    19
         381300.4     0.000064     0.000063     0.000064    20
         399457.5     0.000078     0.000060     0.000195    21
         192105.5     0.000161     0.000125     0.000434    22
         412554.5     0.000060     0.000058     0.000062    23
         445412.8     0.000056     0.000054     0.000069    24
