          21985.7     0.000768     0.000764     0.000773    1
          43416.1     0.000389     0.000387     0.000392    2
          64646.2     0.000296     0.000260     0.000578    3
          85723.0     0.000280     0.000196     0.000447    4
         107088.6     0.000160     0.000157     0.000170    5
         126280.1     0.000172     0.000133     0.000299    6
         145888.8     0.000211     0.000115     0.000261    7
         165021.8     0.000104     0.000102     0.000114    8
         184461.5     0.000092     0.000091     0.000095    9
          91870.0     0.000187     0.000183     0.000204    10
         220891.2     0.000078     0.000076     0.000088    11
         239674.5     0.000072     0.000070     0.000075    12
         255305.5     0.000069     0.000066     0.000090    13
         271016.6     0.000138     0.000062     0.000187    14
         134473.9     0.000127     0.000125     0.000132    15
         141211.0     0.000121     0.000119     0.000132    16
         321754.8     0.000093     0.000052     0.000152    17
         151211.0     0.000115     0.000111     0.000135    18
         343728.3     0.000050     0.000049     0.000051    19
         365100.0     0.000048     0.000046     0.000058    20
         380888.1     0.000045     0.000044     0.000046    21
         186908.0     0.000091     0.000090     0.000093    22
         193052.9     0.000093     0.000087     0.000114    23
         419430.4     0.000041     0.000040     0.000043    24
