          21820.1     0.000340     0.000330     0.000417    1
          42593.8     0.000268     0.000169     0.000409    2
          63710.9     0.000249     0.000113     0.000278    3
          82964.3     0.000166     0.000087     0.000191    4
          47112.3     0.000158     0.000153     0.000179    5
          55820.7     0.000130     0.000129     0.000136    6
         138527.5     0.000083     0.000052     0.000146    7
         159783.0     0.000046     0.000045     0.000049    8
         175575.5     0.000059     0.000041     0.000093    9
          85792.6     0.000085     0.000084     0.000086    10
         205435.3     0.000038     0.000035     0.000056    11
         103068.2     0.000071     0.000070     0.000074    12
         111025.7     0.000067     0.000065     0.000082    13
         112682.8     0.000065     0.000064     0.000066    14
         126355.6     0.000058     0.000057     0.000058    15
         126355.6     0.000058     0.000057     0.000059    16
         287609.4     0.000026     0.000025     0.000029    17
         298999.9     0.000025     0.000024     0.000025    18
         311329.8     0.000024     0.000023     0.000025    19
         147312.1     0.000050     0.000049     0.000054    20
         328249.9     0.000023     0.000022     0.000025    21
         328249.9     0.000023     0.000022     0.000024    22
         377487.4     0.000021     0.000019     0.000022    23
         382265.7     0.000026     0.000019     0.000039    24
