          27206.3     0.000011     0.000009     0.000022    10000
          83886.1     0.000018     0.000017     0.000019    60000
          93838.7     0.000030     0.000028     0.000031    110000
         194049.7     0.000040     0.000020     0.000052    160000
         193938.5     0.000026     0.000026     0.000027    210000
         207717.9     0.000047     0.000030     0.000074    260000
         206659.7     0.000037     0.000036     0.000040    310000
         210690.6     0.000042     0.000041     0.000046    360000
         214958.1     0.000053     0.000046     0.000098    410000
          99580.9     0.000111     0.000111     0.000112    460000
         214804.5     0.000095     0.000057     0.000126    510000
         220201.0     0.000062     0.000061     0.000065    560000
         221677.3     0.000067     0.000066     0.000072    610000
         219992.6     0.000073     0.000072     0.000074    660000
         224046.8     0.000077     0.000076     0.000082    710000
         225675.8     0.000083     0.000081     0.000092    760000
         209069.9     0.000098     0.000093     0.000138    810000
         224858.3     0.000092     0.000092     0.000093    860000
         227869.7     0.000097     0.000096     0.000098    910000
         219131.0     0.000134     0.000105     0.000238    960000
         226436.4     0.000223     0.000107     0.000246    1010000
         227027.9     0.000113     0.000112     0.000113    1060000
         226186.8     0.000122     0.000118     0.000133    1110000
         228065.3     0.000123     0.000122     0.000125    1160000
         227243.6     0.000129     0.000128     0.000131    1210000
         228945.4     0.000134     0.000132     0.000139    1260000
         227752.9     0.000139     0.000138     0.000141    1310000
         228170.1     0.000145     0.000143     0.000146    1360000
         227096.4     0.000158     0.000149     0.000214    1410000
         227505.3     0.000155     0.000154     0.000156    1460000
         225187.5     0.000162     0.000161     0.000162    1510000
         224335.3     0.000168     0.000167     0.000170    1560000
         227304.2     0.000174     0.000170     0.000193    1610000
         225203.6     0.000178     0.000177     0.000181    1660000
         219559.0     0.000190     0.000187     0.000191    1710000
         211165.0     0.000203     0.000200     0.000205    1760000
         201104.4     0.000219     0.000216     0.000223    1810000
         217713.6     0.000208     0.000205     0.000211    1860000
         204757.1     0.000228     0.000224     0.000239    1910000
         194193.0     0.000273     0.000242     0.000508    1960000
         209889.2     0.000265     0.000230     0.000474    2010000
         181106.0     0.000277     0.000273     0.000283    2060000
         185501.8     0.000302     0.000273     0.000501    2110000
         180592.0     0.000292     0.000287     0.000298    2160000
         172722.0     0.000311     0.000307     0.000316    2210000
         174328.8     0.000342     0.000311     0.000550    2260000
         163986.0     0.000343     0.000338     0.000348    2310000
         147556.1     0.000392     0.000384     0.000406    2360000
         158044.7     0.000385     0.000366     0.000436    2410000
         133278.6     0.000448     0.000443     0.000453    2460000
         138750.6     0.000441     0.000434     0.000459    2510000
         127763.0     0.000491     0.000481     0.000502    2560000
         126010.2     0.000507     0.000497     0.000526    2610000
         115865.2     0.000561     0.000551     0.000571    2660000
         111164.4     0.000594     0.000585     0.000611    2710000
         108782.6     0.000634     0.000609     0.000652    2760000
         101239.8     0.000674     0.000666     0.000688    2810000
          83303.5     0.000840     0.000824     0.000867    2860000
          80453.2     0.000878     0.000868     0.000887    2910000
          76794.7     0.000933     0.000925     0.000952    2960000
          77591.9     0.000937     0.000931     0.000945    3010000
          67937.7     0.001094     0.001081     0.001113    3060000
          72535.4     0.001046     0.001029     0.001055    3110000
          71082.9     0.001094     0.001067     0.001120    3160000
          68721.6     0.001155     0.001121     0.001176    3210000
          68985.1     0.001152     0.001134     0.001167    3260000
          64849.3     0.001246     0.001225     0.001262    3310000
          62415.3     0.001311     0.001292     0.001327    3360000
          55490.1     0.001526     0.001475     0.001556    3410000
          65175.0     0.001301     0.001274     0.001323    3460000
          60089.8     0.001414     0.001402     0.001438    3510000
          59008.9     0.001455     0.001448     0.001465    3560000
          64215.3     0.001366     0.001349     0.001384    3610000
          54964.6     0.001630     0.001598     0.001664    3660000
          60528.5     0.001487     0.001471     0.001508    3710000
          61896.0     0.001473     0.001458     0.001507    3760000
          61207.7     0.001535     0.001494     0.001589    3810000
          57718.4     0.001624     0.001605     0.001642    3860000
          58292.9     0.001631     0.001610     0.001646    3910000
          59692.5     0.001618     0.001592     0.001647    3960000
