          16000.1     0.002108     0.002100     0.002118    1
          43875.7     0.000770     0.000766     0.000782    2
          64616.5     0.000522     0.000520     0.000523    3
          86618.7     0.000389     0.000388     0.000394    4
         106041.1     0.000319     0.000317     0.000324    5
         125829.1     0.000338     0.000267     0.000585    6
         147414.9     0.000229     0.000228     0.000231    7
         167175.1     0.000203     0.000201     0.000206    8
         186660.4     0.000230     0.000180     0.000402    9
         207248.0     0.000164     0.000162     0.000166    10
         227304.2     0.000152     0.000148     0.000180    11
         243400.0     0.000222     0.000138     0.000266    12
         264903.4     0.000196     0.000127     0.000282    13
         287023.7     0.000119     0.000117     0.000121    14
         303072.3     0.000112     0.000111     0.000113    15
         319566.0     0.000179     0.000105     0.000244    16
         339587.0     0.000184     0.000099     0.000243    17
         163111.8     0.000211     0.000206     0.000233    18
         369891.4     0.000119     0.000091     0.000222    19
         391468.4     0.000087     0.000086     0.000089    20
         404967.3     0.000085     0.000083     0.000097    21
         420682.4     0.000082     0.000080     0.000084    22
         436311.5     0.000083     0.000077     0.000104    23
         448817.2     0.000077     0.000075     0.000091    24
