          12985.7     0.012234     0.011089     0.013197    1
          22363.0     0.006461     0.006439     0.006489    2
          34926.3     0.005159     0.004123     0.005578    3
          37218.4     0.003935     0.003869     0.004013    4
          46467.1     0.003545     0.003099     0.003805    5
          54319.6     0.002668     0.002651     0.002684    6
          51928.4     0.003070     0.002773     0.003222    7
          50193.6     0.002906     0.002869     0.002950    8
          55661.2     0.002622     0.002587     0.002664    9
          60458.4     0.002401     0.002382     0.002437    10
          58203.7     0.002508     0.002474     0.002540    11
          61511.3     0.002380     0.002341     0.002407    12
          57626.2     0.002525     0.002499     0.002552    13
          53849.8     0.002694     0.002674     0.002720    14
          57554.8     0.002534     0.002502     0.002559    15
          58041.5     0.002507     0.002481     0.002522    16
          60628.4     0.002393     0.002375     0.002403    17
          60379.9     0.002401     0.002385     0.002420    18
          61436.3     0.002354     0.002344     0.002366    19
          60349.7     0.002412     0.002386     0.002430    20
          59948.4     0.002413     0.002402     0.002434    21
          57325.3     0.002526     0.002512     0.002541    22
          48403.6     0.002997     0.002975     0.003046    23
          61380.1     0.002362     0.002346     0.002383    24
