          11107.1     0.010825     0.010804     0.010862    1
          16785.6     0.007228     0.007149     0.007286    2
          31273.5     0.003871     0.003837     0.003908    3
          41040.2     0.002948     0.002924     0.002967    4
          44267.1     0.002757     0.002711     0.002812    5
          52791.7     0.002312     0.002273     0.002348    6
          50316.6     0.002445     0.002385     0.002535    7
          54027.1     0.002265     0.002221     0.002295    8
          55303.4     0.002194     0.002170     0.002234    9
          50737.5     0.002383     0.002365     0.002406    10
          50462.9     0.002388     0.002378     0.002403    11
          51506.0     0.002348     0.002330     0.002365    12
          59199.8     0.002054     0.002027     0.002106    13
          56603.3     0.002146     0.002120     0.002234    14
          58477.6     0.002072     0.002052     0.002095    15
          60787.0     0.001991     0.001974     0.002002    16
          56788.5     0.002122     0.002113     0.002134    17
          59762.1     0.002021     0.002008     0.002033    18
          57331.9     0.002113     0.002093     0.002127    19
          59283.4     0.002048     0.002024     0.002090    20
          58675.3     0.002062     0.002045     0.002080    21
          58791.8     0.002053     0.002041     0.002058    22
          61696.1     0.001949     0.001945     0.001954    23
          60422.1     0.002003     0.001986     0.002023    24
