          16106.1     0.000177     0.000149     0.000230    1
          18780.5     0.000136     0.000128     0.000180    2
          27884.6     0.000087     0.000086     0.000088    3
          35823.2     0.000068     0.000067     0.000069    4
          43766.7     0.000056     0.000055     0.000057    5
          51098.1     0.000050     0.000047     0.000059    6
          63310.2     0.000039     0.000038     0.000040    7
          75121.9     0.000033     0.000032     0.000034    8
         162360.2     0.000034     0.000015     0.000067    9
          88301.1     0.000030     0.000027     0.000037    10
         186413.5     0.000026     0.000013     0.000051    11
         201326.6     0.000021     0.000012     0.000026    12
         201326.6     0.000012     0.000012     0.000013    13
         218833.3     0.000011     0.000011     0.000012    14
         109416.6     0.000023     0.000022     0.000027    15
         214177.2     0.000016     0.000011     0.000019    16
         239674.5     0.000014     0.000010     0.000018    17
         141779.3     0.000020     0.000017     0.000031    18
         201326.6     0.000022     0.000012     0.000026    19
         201326.6     0.000020     0.000012     0.000033    20
         125829.1     0.000020     0.000019     0.000022    21
         218833.3     0.000016     0.000011     0.000034    22
         134217.7     0.000020     0.000018     0.000023    23
         239674.5     0.000011     0.000010     0.000011    24
