          15024.4     0.000017     0.000016     0.000018    10000
          10219.6     0.000141     0.000141     0.000141    60000
          22973.0     0.000226     0.000115     0.000258    110000
          23008.8     0.000168     0.000167     0.000170    160000
          23027.6     0.000220     0.000219     0.000220    210000
          23039.1     0.000273     0.000271     0.000280    260000
          23253.1     0.000323     0.000320     0.000326    310000
          23096.7     0.000376     0.000374     0.000378    360000
          22992.7     0.000430     0.000428     0.000431    410000
          23003.0     0.000481     0.000480     0.000483    460000
          23011.3     0.000535     0.000532     0.000544    510000
          23018.1     0.000586     0.000584     0.000587    560000
          23171.6     0.000634     0.000632     0.000640    610000
          22729.3     0.000699     0.000697     0.000705    660000
          23062.6     0.000742     0.000739     0.000749    710000
          22994.9     0.000795     0.000793     0.000800    760000
          22605.3     0.000862     0.000860     0.000867    810000
          23036.3     0.000899     0.000896     0.000904    860000
          22446.4     0.000976     0.000973     0.000979    910000
          22395.5     0.001031     0.001029     0.001036    960000
          21586.0     0.001133     0.001123     0.001145    1010000
          22355.6     0.001141     0.001138     0.001145    1060000
          19910.2     0.001347     0.001338     0.001360    1110000
          18897.8     0.001489     0.001473     0.001513    1160000
          20266.7     0.001444     0.001433     0.001464    1210000
          16997.6     0.001786     0.001779     0.001795    1260000
          16050.3     0.001988     0.001959     0.002144    1310000
          16730.1     0.001968     0.001951     0.001986    1360000
          15747.8     0.002159     0.002149     0.002173    1410000
          14418.6     0.002437     0.002430     0.002442    1460000
          14139.7     0.002583     0.002563     0.002594    1510000
          13683.8     0.002745     0.002736     0.002752    1560000
          13071.0     0.002972     0.002956     0.002986    1610000
          12688.0     0.003157     0.003140     0.003179    1660000
          12095.7     0.003403     0.003393     0.003418    1710000
          11868.1     0.003580     0.003559     0.003600    1760000
          11725.4     0.003722     0.003705     0.003740    1810000
          11428.5     0.003917     0.003906     0.003929    1860000
          11523.3     0.003998     0.003978     0.004014    1910000
          11453.6     0.004127     0.004107     0.004190    1960000
          11281.5     0.004291     0.004276     0.004317    2010000
          11190.8     0.004429     0.004418     0.004444    2060000
          10932.7     0.004643     0.004632     0.004657    2110000
          10854.3     0.004796     0.004776     0.004825    2160000
          10743.5     0.004958     0.004937     0.004971    2210000
          10412.8     0.005221     0.005209     0.005238    2260000
          10393.4     0.005340     0.005334     0.005349    2310000
          10048.0     0.005660     0.005637     0.005686    2360000
          10140.4     0.005721     0.005704     0.005736    2410000
          12429.4     0.005472     0.004750     0.005580    2460000
          12767.9     0.004734     0.004718     0.004752    2510000
          12600.8     0.004894     0.004876     0.004911    2560000
          10895.8     0.005763     0.005749     0.005771    2610000
          10924.3     0.005865     0.005844     0.005892    2660000
          12886.7     0.005848     0.005047     0.005973    2710000
          10611.9     0.006271     0.006242     0.006292    2760000
          12605.3     0.005372     0.005350     0.005422    2810000
          12897.5     0.005345     0.005322     0.005424    2860000
          12554.3     0.005576     0.005563     0.005591    2910000
          10974.7     0.006498     0.006473     0.006523    2960000
          11108.5     0.006517     0.006503     0.006529    3010000
          12588.6     0.006621     0.005834     0.006861    3060000
          10615.9     0.007047     0.007031     0.007066    3110000
          10462.3     0.007276     0.007249     0.007297    3160000
          12094.5     0.007023     0.006370     0.007561    3210000
          12504.3     0.006282     0.006257     0.006309    3260000
          10537.2     0.007559     0.007539     0.007576    3310000
          11999.9     0.006734     0.006720     0.006749    3360000
          10633.9     0.007706     0.007696     0.007727    3410000
          12493.1     0.006691     0.006647     0.006729    3460000
          10960.3     0.007700     0.007686     0.007716    3510000
          10987.6     0.007793     0.007776     0.007823    3560000
          12711.4     0.007603     0.006816     0.008004    3610000
          12787.7     0.006905     0.006869     0.006940    3660000
          10726.4     0.008310     0.008301     0.008324    3710000
          10566.8     0.008562     0.008540     0.008585    3760000
          10481.5     0.008732     0.008724     0.008743    3810000
          10896.3     0.008542     0.008502     0.008744    3860000
          12762.0     0.007926     0.007353     0.008645    3910000
          10935.7     0.008707     0.008691     0.008718    3960000
          10758.0     0.008968     0.008946     0.008985    4010000
          10841.2     0.009014     0.008988     0.009027    4060000
          10640.6     0.009290     0.009270     0.009312    4110000
          11910.1     0.008908     0.008383     0.009893    4160000
          11864.6     0.008552     0.008516     0.008584    4210000
          12335.7     0.008327     0.008288     0.008355    4260000
          12492.7     0.008289     0.008280     0.008303    4310000
          12118.1     0.008650     0.008635     0.008674    4360000
          10427.6     0.010168     0.010150     0.010201    4410000
          12860.8     0.008345     0.008323     0.008356    4460000
          12734.3     0.008528     0.008500     0.008606    4510000
          12734.8     0.008628     0.008594     0.008733    4560000
          12935.8     0.008579     0.008553     0.008667    4610000
          10765.4     0.010401     0.010389     0.010418    4660000
          12557.3     0.010545     0.009002     0.010747    4710000
          12792.9     0.009671     0.008930     0.010612    4760000
          12477.2     0.009267     0.009252     0.009279    4810000
          12912.7     0.009056     0.009033     0.009073    4860000
          13009.5     0.009087     0.009058     0.009180    4910000
          10920.1     0.010915     0.010901     0.010930    4960000
          12769.9     0.009427     0.009416     0.009440    5010000
          12693.6     0.009615     0.009567     0.009813    5060000
          12511.6     0.009823     0.009802     0.009856    5110000
          12365.4     0.010033     0.010015     0.010058    5160000
          12381.2     0.010110     0.010099     0.010122    5210000
          11103.9     0.012612     0.011369     0.012788    5260000
          12100.1     0.010584     0.010532     0.010752    5310000
          12529.4     0.010282     0.010267     0.010312    5360000
          12537.4     0.010774     0.010356     0.012177    5410000
          12614.7     0.010402     0.010388     0.010459    5460000
          12715.3     0.010416     0.010400     0.010436    5510000
          12696.5     0.010526     0.010510     0.010580    5560000
          12472.6     0.010813     0.010795     0.010839    5610000
          10541.6     0.012916     0.012886     0.012970    5660000
          12509.5     0.010998     0.010955     0.011106    5710000
          12229.4     0.011697     0.011304     0.013270    5760000
          12951.9     0.010781     0.010766     0.010797    5810000
          12693.1     0.011107     0.011080     0.011136    5860000
          13323.5     0.012383     0.010646     0.012611    5910000
          12669.8     0.011907     0.011290     0.013253    5960000
