          15024.4     0.000016     0.000016     0.000018    10000
          23230.0     0.000062     0.000062     0.000063    60000
          23165.2     0.000178     0.000114     0.000258    110000
          15368.4     0.000363     0.000250     0.000382    160000
          23128.3     0.000219     0.000218     0.000219    210000
          23100.1     0.000271     0.000270     0.000274    260000
          22962.2     0.000326     0.000324     0.000330    310000
          23038.0     0.000376     0.000375     0.000377    360000
          22941.6     0.000432     0.000429     0.000438    410000
          23094.8     0.000480     0.000478     0.000483    460000
          23094.1     0.000533     0.000530     0.000535    510000
          23093.6     0.000584     0.000582     0.000585    560000
          23093.1     0.000707     0.000634     0.001275    610000
          22597.9     0.000703     0.000701     0.000708    660000
          22995.8     0.000743     0.000741     0.000747    710000
          23211.2     0.000791     0.000786     0.000799    760000
          22814.0     0.000856     0.000852     0.000863    810000
          23011.8     0.000900     0.000897     0.000902    860000
          22775.6     0.000961     0.000959     0.000969    910000
          22610.4     0.001021     0.001019     0.001024    960000
          22160.0     0.001098     0.001094     0.001103    1010000
          22611.4     0.001130     0.001125     0.001134    1060000
          21730.1     0.001232     0.001226     0.001242    1110000
          21013.0     0.001331     0.001325     0.001339    1160000
          19931.7     0.001471     0.001457     0.001483    1210000
          17937.5     0.001693     0.001686     0.001705    1260000
          17683.9     0.001791     0.001778     0.001811    1310000
          16334.8     0.002011     0.001998     0.002038    1360000
          15559.7     0.002190     0.002175     0.002202    1410000
          14648.5     0.002400     0.002392     0.002413    1460000
          13875.1     0.002621     0.002612     0.002638    1510000
          13599.6     0.002764     0.002753     0.002778    1560000
          13094.3     0.002960     0.002951     0.002974    1610000
          12528.2     0.003192     0.003180     0.003213    1660000
          12346.5     0.003346     0.003324     0.003415    1710000
          11888.0     0.003569     0.003553     0.003598    1760000
          11568.3     0.003774     0.003755     0.003800    1810000
          11428.5     0.003916     0.003906     0.003926    1860000
          11232.5     0.004090     0.004081     0.004112    1910000
          11386.9     0.004145     0.004131     0.004167    1960000
          11255.7     0.004302     0.004286     0.004325    2010000
          11152.9     0.004453     0.004433     0.004469    2060000
          10818.5     0.004698     0.004681     0.004711    2110000
          10789.1     0.004828     0.004805     0.004844    2160000
          10517.5     0.005081     0.005043     0.005330    2210000
          10363.0     0.005244     0.005234     0.005258    2260000
          10430.7     0.005323     0.005315     0.005333    2310000
           9938.3     0.005716     0.005699     0.005730    2360000
          10152.7     0.005714     0.005697     0.005732    2410000
          10407.3     0.005704     0.005673     0.005742    2460000
          10741.6     0.005631     0.005608     0.005650    2510000
          10728.0     0.005736     0.005727     0.005745    2560000
          10691.4     0.005876     0.005859     0.005884    2610000
          10999.6     0.005818     0.005804     0.005829    2660000
          10863.7     0.006011     0.005987     0.006081    2710000
          10477.9     0.006339     0.006322     0.006361    2760000
          10640.4     0.006355     0.006338     0.006377    2810000
          10688.6     0.006443     0.006422     0.006458    2860000
          10818.0     0.006474     0.006456     0.006500    2910000
          10887.3     0.006545     0.006525     0.006557    2960000
          10998.9     0.006583     0.006568     0.006599    3010000
          12627.3     0.006602     0.005816     0.006809    3060000
          12534.0     0.005995     0.005955     0.006034    3110000
          10279.4     0.007397     0.007378     0.007418    3160000
          12076.9     0.006400     0.006379     0.006414    3210000
          10244.8     0.007653     0.007637     0.007672    3260000
          10217.6     0.007797     0.007775     0.007886    3310000
          10051.1     0.008034     0.008023     0.008048    3360000
          10280.1     0.007978     0.007961     0.007987    3410000
          10745.2     0.007743     0.007728     0.007756    3460000
          10879.7     0.007754     0.007743     0.007762    3510000
          10970.8     0.007800     0.007788     0.007812    3560000
          10975.4     0.007913     0.007894     0.007936    3610000
          10871.3     0.008095     0.008080     0.008102    3660000
          10658.4     0.008379     0.008354     0.008449    3710000
          10395.0     0.008694     0.008681     0.008717    3760000
          10407.5     0.008805     0.008786     0.008822    3810000
          10793.6     0.008637     0.008583     0.008885    3860000
          10819.8     0.008690     0.008673     0.008703    3910000
          12869.3     0.008404     0.007385     0.008698    3960000
          10592.2     0.009104     0.009086     0.009115    4010000
          10773.8     0.009067     0.009044     0.009090    4060000
          12370.3     0.008611     0.007974     0.009375    4110000
          10050.1     0.009955     0.009934     0.009977    4160000
           9933.0     0.010197     0.010172     0.010227    4210000
          10032.4     0.010200     0.010191     0.010215    4260000
          10644.0     0.009728     0.009718     0.009741    4310000
          10303.4     0.010180     0.010156     0.010200    4360000
          10628.6     0.009975     0.009958     0.009986    4410000
          10960.6     0.009779     0.009766     0.009792    4460000
          10825.0     0.010012     0.009999     0.010024    4510000
          10766.1     0.010177     0.010165     0.010193    4560000
          11008.9     0.010062     0.010050     0.010079    4610000
          10760.2     0.010405     0.010394     0.010419    4660000
          10644.2     0.010642     0.010620     0.010672    4710000
          10630.9     0.010766     0.010746     0.010783    4760000
          10712.7     0.010822     0.010776     0.010866    4810000
          10807.0     0.010805     0.010793     0.010818    4860000
          12920.7     0.009839     0.009120     0.010729    4910000
          10693.5     0.011155     0.011132     0.011185    4960000
          10807.1     0.011143     0.011126     0.011156    5010000
          10818.7     0.011238     0.011225     0.011258    5060000
          12494.9     0.009900     0.009815     0.010350    5110000
          10466.5     0.011858     0.011832     0.011883    5160000
          12347.1     0.011364     0.010127     0.012205    5210000
          12093.2     0.010466     0.010439     0.010484    5260000
          12134.7     0.010555     0.010502     0.010596    5310000
          10742.5     0.011993     0.011975     0.012009    5360000
          10612.2     0.012307     0.012235     0.012653    5410000
          10660.7     0.012304     0.012292     0.012317    5460000
          10743.3     0.012326     0.012309     0.012352    5510000
          10673.5     0.012527     0.012502     0.012622    5560000
          10483.6     0.012866     0.012843     0.012905    5610000
          10662.6     0.012784     0.012740     0.012811    5660000
          12512.8     0.011642     0.010952     0.012989    5710000
          10612.6     0.013041     0.013026     0.013066    5760000
          12687.7     0.011016     0.010990     0.011043    5810000
          12673.5     0.011116     0.011097     0.011203    5860000
          12601.3     0.011267     0.011256     0.011280    5910000
          12226.7     0.011741     0.011699     0.011797    5960000
