            0         1000         0.27         0.00
            1         1000         0.29         3.29
            2         1000         0.30         6.34
            4         1000         0.29        13.25
            8         1000         0.29        26.30
           16         1000         0.38        39.69
           32         1000         0.34        90.17
           64         1000         0.42       145.17
          128         1000         0.44       275.86
          256         1000         0.45       541.94
          512         1000         0.47      1034.60
         1024         1000         0.57      1722.46
         2048         1000         0.75      2604.36
         4096         1000         1.03      3788.65
         8192         1000         1.59      4921.23
        16384         1000         2.99      5232.62
        32768         1000         4.45      7024.03
        65536          640         7.20      8686.33
       131072          320        13.22      9453.02
       262144          160        25.14      9945.30
       524288           80        48.05     10405.77
      1048576           40       114.66      8721.33
      2097152           20       203.72      9817.27
      4194304           10       464.20      8616.96
