          12586.1     0.190875     0.190687     0.191489    1
          12570.0     0.191101     0.190931     0.191465    2
          12544.1     0.191557     0.191325     0.191857    3
          12561.8     0.191193     0.191056     0.191531    4
          12580.3     0.190926     0.190775     0.191151    5
          12473.0     0.192583     0.192415     0.192971    6
          12580.3     0.190899     0.190775     0.191098    7
          12575.6     0.191082     0.190846     0.191469    8
          12561.8     0.191989     0.191055     0.198847    9
          12585.3     0.190806     0.190699     0.191135    10
          12570.9     0.191132     0.190917     0.191451    11
          12408.0     0.193705     0.193424     0.194013    12
          12597.8     0.190708     0.190509     0.191061    13
          12547.5     0.191410     0.191273     0.191490    14
          12585.1     0.191040     0.190702     0.191613    15
          12580.5     0.191522     0.190771     0.195268    16
          12568.9     0.191220     0.190948     0.192264    17
          12571.9     0.191225     0.190902     0.191487    18
          12575.5     0.191245     0.190848     0.192514    19
