          34711.5     0.000014     0.000007     0.000065    10000
          90146.2     0.000019     0.000016     0.000022    60000
         221459.3     0.000024     0.000012     0.000063    110000
         142532.1     0.000029     0.000027     0.000030    160000
         174704.9     0.000029     0.000029     0.000030    210000
         331296.9     0.000019     0.000019     0.000021    260000
         339191.5     0.000023     0.000022     0.000026    310000
         332465.9     0.000027     0.000026     0.000028    360000
         163777.6     0.000063     0.000060     0.000076    410000
         343000.9     0.000033     0.000032     0.000035    460000
         361537.2     0.000035     0.000034     0.000037    510000
         363686.7     0.000038     0.000037     0.000040    560000
         376715.4     0.000041     0.000039     0.000041    610000
         369098.8     0.000044     0.000043     0.000052    660000
         380164.6     0.000048     0.000045     0.000058    710000
         380617.4     0.000051     0.000048     0.000065    760000
         170580.1     0.000116     0.000114     0.000120    810000
         389956.9     0.000054     0.000053     0.000055    860000
         391468.4     0.000070     0.000056     0.000172    910000
         385007.0     0.000061     0.000060     0.000066    960000
         391038.2     0.000065     0.000062     0.000082    1010000
         392290.8     0.000066     0.000065     0.000068    1060000
         392057.0     0.000068     0.000068     0.000069    1110000
         398530.5     0.000071     0.000070     0.000071    1160000
         398047.7     0.000074     0.000073     0.000076    1210000
         403935.5     0.000078     0.000075     0.000092    1260000
         408262.9     0.000079     0.000077     0.000080    1310000
         403841.0     0.000081     0.000081     0.000083    1360000
         407859.9     0.000085     0.000083     0.000087    1410000
         403759.4     0.000088     0.000087     0.000089    1460000
         407510.9     0.000090     0.000089     0.000092    1510000
         406825.8     0.000093     0.000092     0.000099    1560000
         398201.2     0.000102     0.000097     0.000129    1610000
         406571.9     0.000100     0.000098     0.000104    1660000
         398458.9     0.000105     0.000103     0.000106    1710000
         394582.2     0.000204     0.000107     0.000236    1760000
         378009.5     0.000117     0.000115     0.000118    1810000
         399219.0     0.000114     0.000112     0.000117    1860000
         382240.3     0.000209     0.000120     0.000298    1910000
         319773.2     0.000149     0.000147     0.000154    1960000
         383206.9     0.000129     0.000126     0.000131    2010000
         366371.7     0.000137     0.000135     0.000143    2060000
         342579.9     0.000149     0.000148     0.000154    2110000
         343495.6     0.000158     0.000151     0.000187    2160000
         271963.2     0.000197     0.000195     0.000202    2210000
         301323.2     0.000203     0.000180     0.000367    2260000
         286017.5     0.000201     0.000194     0.000206    2310000
         246181.7     0.000237     0.000230     0.000246    2360000
         251397.5     0.000232     0.000230     0.000234    2410000
         175252.4     0.000349     0.000337     0.000376    2460000
         219708.6     0.000280     0.000274     0.000289    2510000
         178584.9     0.000355     0.000344     0.000367    2560000
         147684.8     0.000434     0.000424     0.000444    2610000
         154242.1     0.000427     0.000414     0.000433    2660000
         119543.2     0.000564     0.000544     0.000596    2710000
         142770.1     0.000497     0.000464     0.000525    2760000
         140170.4     0.000489     0.000481     0.000515    2810000
         107384.2     0.000649     0.000639     0.000657    2860000
          91170.3     0.000779     0.000766     0.000791    2910000
          96522.0     0.000742     0.000736     0.000755    2960000
          83608.3     0.000877     0.000864     0.000890    3010000
          87632.9     0.000848     0.000838     0.000857    3060000
          83128.7     0.000918     0.000898     0.000931    3110000
          78175.5     0.000981     0.000970     0.000995    3160000
          87073.3     0.000893     0.000885     0.000901    3210000
          68140.0     0.001174     0.001148     0.001207    3260000
          73830.2     0.001091     0.001076     0.001109    3310000
          67822.1     0.001196     0.001189     0.001203    3360000
          67531.3     0.001233     0.001212     0.001251    3410000
          74886.0     0.001129     0.001109     0.001162    3460000
          68381.7     0.001248     0.001232     0.001259    3510000
          67008.5     0.001293     0.001275     0.001308    3560000
          51326.9     0.001700     0.001688     0.001711    3610000
          60836.8     0.001450     0.001444     0.001464    3660000
          73227.6     0.001225     0.001216     0.001242    3710000
          59446.2     0.001534     0.001518     0.001550    3760000
          60360.0     0.001521     0.001515     0.001527    3810000
          60589.5     0.001547     0.001529     0.001569    3860000
          64629.5     0.001469     0.001452     0.001480    3910000
          64211.8     0.001487     0.001480     0.001495    3960000
