          13574.5     0.002845     0.002829     0.002866    1
          42206.8     0.001273     0.000910     0.002339    2
          60300.0     0.000639     0.000637     0.000644    3
          83842.4     0.000460     0.000458     0.000466    4
          96213.4     0.000401     0.000399     0.000403    5
         122294.1     0.000380     0.000314     0.000601    6
         139688.9     0.000277     0.000275     0.000279    7
         160739.8     0.000262     0.000239     0.000431    8
         181171.3     0.000266     0.000212     0.000474    9
         195938.3     0.000197     0.000196     0.000198    10
         220934.5     0.000245     0.000174     0.000389    11
         240031.7     0.000161     0.000160     0.000164    12
         247786.6     0.000158     0.000155     0.000169    13
         276262.9     0.000140     0.000139     0.000142    14
         284560.6     0.000136     0.000135     0.000139    15
         305040.3     0.000128     0.000126     0.000148    16
         333460.2     0.000151     0.000115     0.000275    17
         349373.7     0.000156     0.000110     0.000246    18
         365218.3     0.000107     0.000105     0.000110    19
         376311.4     0.000104     0.000102     0.000113    20
         395727.9     0.000103     0.000097     0.000128    21
         395727.9     0.000098     0.000097     0.000100    22
         422733.0     0.000092     0.000091     0.000093    23
         436480.4     0.000088     0.000088     0.000089    24
