          14591.7     0.002471     0.002467     0.002478    1
          43855.6     0.000825     0.000821     0.000837    2
          62061.2     0.000583     0.000580     0.000587    3
          86978.7     0.000475     0.000414     0.000939    4
         106484.4     0.000341     0.000338     0.000348    5
         128070.4     0.000312     0.000281     0.000540    6
         146312.9     0.000315     0.000246     0.000553    7
         168333.3     0.000216     0.000214     0.000223    8
         186643.9     0.000194     0.000193     0.000198    9
         207126.1     0.000178     0.000174     0.000197    10
         228089.0     0.000183     0.000158     0.000355    11
         248346.9     0.000148     0.000145     0.000158    12
         266775.5     0.000193     0.000135     0.000309    13
         279103.4     0.000206     0.000129     0.000304    14
         290374.9     0.000128     0.000124     0.000154    15
         318554.7     0.000203     0.000113     0.000248    16
         340078.7     0.000113     0.000106     0.000164    17
         356120.2     0.000102     0.000101     0.000105    18
         371908.7     0.000111     0.000097     0.000218    19
         387166.5     0.000094     0.000093     0.000094    20
         400517.1     0.000127     0.000090     0.000202    21
         419430.4     0.000087     0.000086     0.000088    22
         204600.2     0.000179     0.000176     0.000190    23
         456178.1     0.000112     0.000079     0.000177    24
