          23967.5     0.000014     0.000010     0.000039    10000
          80530.6     0.000020     0.000018     0.000028    60000
          85176.6     0.000032     0.000031     0.000033    110000
         183024.2     0.000038     0.000021     0.000113    160000
         180677.7     0.000054     0.000028     0.000101    210000
         188291.1     0.000035     0.000033     0.000040    260000
         190278.2     0.000063     0.000039     0.000100    310000
         196949.9     0.000046     0.000044     0.000053    360000
         196533.1     0.000079     0.000050     0.000120    410000
         197043.0     0.000064     0.000056     0.000123    460000
         200540.2     0.000070     0.000061     0.000136    510000
         200610.1     0.000069     0.000067     0.000078    560000
         203326.5     0.000073     0.000072     0.000074    610000
         200718.4     0.000081     0.000079     0.000090    660000
         203042.4     0.000084     0.000084     0.000086    710000
         205104.8     0.000090     0.000089     0.000093    760000
         192759.5     0.000102     0.000101     0.000103    810000
          96943.4     0.000227     0.000213     0.000245    860000
         206314.4     0.000107     0.000106     0.000109    910000
         200491.2     0.000117     0.000115     0.000123    960000
         207489.7     0.000119     0.000117     0.000127    1010000
         208404.5     0.000123     0.000122     0.000123    1060000
         206536.5     0.000130     0.000129     0.000133    1110000
         209639.9     0.000134     0.000133     0.000135    1160000
         207500.2     0.000143     0.000140     0.000157    1210000
         207248.0     0.000149     0.000146     0.000158    1260000
         208323.7     0.000152     0.000151     0.000153    1310000
         206800.7     0.000159     0.000158     0.000162    1360000
         209035.7     0.000164     0.000162     0.000167    1410000
         206126.8     0.000178     0.000170     0.000232    1460000
         200265.6     0.000182     0.000181     0.000183    1510000
         206624.7     0.000242     0.000181     0.000399    1560000
         195262.5     0.000199     0.000198     0.000200    1610000
         203286.0     0.000199     0.000196     0.000214    1660000
         208395.0     0.000244     0.000197     0.000440    1710000
         202015.3     0.000211     0.000209     0.000214    1760000
         204950.0     0.000216     0.000212     0.000224    1810000
         195851.2     0.000230     0.000228     0.000237    1860000
         166033.6     0.000279     0.000276     0.000284    1910000
         196709.9     0.000241     0.000239     0.000247    1960000
         192149.3     0.000253     0.000251     0.000256    2010000
         183185.9     0.000273     0.000270     0.000275    2060000
         182787.9     0.000281     0.000277     0.000289    2110000
         189236.5     0.000276     0.000274     0.000279    2160000
         137070.8     0.000395     0.000387     0.000401    2210000
         172740.4     0.000319     0.000314     0.000329    2260000
         162156.4     0.000345     0.000342     0.000349    2310000
         113504.7     0.000529     0.000499     0.000591    2360000
         161624.6     0.000364     0.000358     0.000371    2410000
         107339.3     0.000558     0.000550     0.000565    2460000
         139439.8     0.000438     0.000432     0.000451    2510000
         142532.1     0.000438     0.000431     0.000451    2560000
         119098.5     0.000635     0.000526     0.000658    2610000
         122266.8     0.000533     0.000522     0.000552    2660000
          79602.4     0.000842     0.000817     0.000858    2710000
          99759.7     0.000683     0.000664     0.000711    2760000
         113145.5     0.000601     0.000596     0.000606    2810000
          97361.2     0.000713     0.000705     0.000722    2860000
          96042.7     0.000737     0.000727     0.000744    2910000
          95501.1     0.000752     0.000744     0.000761    2960000
          87143.1     0.000840     0.000829     0.000855    3010000
          85397.8     0.000872     0.000860     0.000902    3060000
          78639.2     0.000964     0.000949     0.000993    3110000
          66283.8     0.001169     0.001144     0.001217    3160000
          66997.5     0.001170     0.001150     0.001212    3210000
          63659.0     0.001244     0.001229     0.001260    3260000
          61966.8     0.001310     0.001282     0.001352    3310000
          69997.7     0.001182     0.001152     0.001210    3360000
          53845.0     0.001544     0.001520     0.001577    3410000
          60710.3     0.001401     0.001368     0.001441    3460000
          67765.3     0.001252     0.001243     0.001260    3510000
          65718.2     0.001317     0.001300     0.001334    3560000
          67059.3     0.001299     0.001292     0.001315    3610000
          56777.3     0.001572     0.001547     0.001597    3660000
          62703.3     0.001457     0.001420     0.001515    3710000
          59755.9     0.001537     0.001510     0.001557    3760000
          61452.8     0.001515     0.001488     0.001573    3810000
          61559.0     0.001521     0.001505     0.001543    3860000
          48098.9     0.001972     0.001951     0.002005    3910000
          48917.2     0.001959     0.001943     0.001987    3960000
