          22027.0     0.000330     0.000327     0.000336    1
          43141.4     0.000285     0.000167     0.000383    2
          28926.2     0.000250     0.000249     0.000251    3
          37701.6     0.000194     0.000191     0.000200    4
          47333.8     0.000155     0.000152     0.000159    5
         122263.1     0.000077     0.000059     0.000134    6
          63177.8     0.000118     0.000114     0.000141    7
         156471.4     0.000090     0.000046     0.000154    8
         171585.2     0.000091     0.000042     0.000135    9
          86778.7     0.000088     0.000083     0.000108    10
         206842.4     0.000058     0.000035     0.000114    11
         102717.6     0.000073     0.000070     0.000087    12
         110619.0     0.000066     0.000065     0.000067    13
         112682.8     0.000069     0.000064     0.000083    14
         124275.7     0.000058     0.000058     0.000059    15
         133623.8     0.000054     0.000054     0.000055    16
         290374.9     0.000025     0.000025     0.000026    17
         138527.5     0.000055     0.000052     0.000068    18
         141116.8     0.000052     0.000051     0.000055    19
         153294.4     0.000051     0.000047     0.000071    20
         343170.3     0.000036     0.000021     0.000074    21
         343170.3     0.000027     0.000021     0.000068    22
         184140.2     0.000040     0.000039     0.000044    23
         205435.3     0.000036     0.000035     0.000036    24
