          21978.9     0.000548     0.000546     0.000551    1
          43166.1     0.000318     0.000278     0.000628    2
          63791.7     0.000301     0.000188     0.000417    3
          85163.5     0.000241     0.000141     0.000332    4
          46689.8     0.000258     0.000257     0.000258    5
         123665.0     0.000165     0.000097     0.000231    6
         142987.6     0.000145     0.000084     0.000217    7
          73692.0     0.000166     0.000163     0.000182    8
         182361.0     0.000067     0.000066     0.000070    9
          90200.1     0.000134     0.000133     0.000136    10
         100865.0     0.000121     0.000119     0.000127    11
         230879.1     0.000053     0.000052     0.000056    12
         245520.2     0.000050     0.000049     0.000054    13
         266305.0     0.000046     0.000045     0.000047    14
         273541.6     0.000044     0.000044     0.000046    15
         285975.3     0.000043     0.000042     0.000044    16
         141381.0     0.000089     0.000085     0.000112    17
         324720.3     0.000048     0.000037     0.000127    18
         152059.4     0.000081     0.000079     0.000086    19
         157779.5     0.000077     0.000076     0.000082    20
         169466.8     0.000072     0.000071     0.000073    21
         166661.1     0.000074     0.000072     0.000079    22
         175984.8     0.000072     0.000068     0.000077    23
         387166.5     0.000032     0.000031     0.000036    24
