          21486.3     0.001119     0.001117     0.001121    1
          43483.1     0.000554     0.000552     0.000557    2
          65070.0     0.000371     0.000369     0.000373    3
          86037.0     0.000320     0.000279     0.000630    4
         106634.8     0.000319     0.000225     0.000505    5
         126939.8     0.000267     0.000189     0.000422    6
         147168.6     0.000252     0.000163     0.000361    7
         166661.1     0.000145     0.000144     0.000149    8
         187804.7     0.000148     0.000128     0.000295    9
         205016.9     0.000182     0.000117     0.000262    10
         226719.1     0.000107     0.000106     0.000110    11
         244922.9     0.000181     0.000098     0.000226    12
         117050.3     0.000210     0.000205     0.000228    13
         282762.1     0.000086     0.000085     0.000087    14
         133328.9     0.000186     0.000180     0.000213    15
         315558.9     0.000077     0.000076     0.000079    16
         149130.8     0.000163     0.000161     0.000170    17
         154866.6     0.000157     0.000155     0.000161    18
         163149.6     0.000149     0.000147     0.000153    19
         172664.3     0.000151     0.000139     0.000189    20
         394758.0     0.000063     0.000061     0.000072    21
         193583.3     0.000125     0.000124     0.000130    22
         190650.2     0.000131     0.000126     0.000153    23
         435771.8     0.000056     0.000055     0.000056    24
