          13126.9     0.018365     0.018283     0.018571    1
          18754.6     0.012897     0.012797     0.012960    2
          27545.0     0.008824     0.008713     0.008923    3
          45343.8     0.005313     0.005293     0.005347    4
          47337.5     0.005141     0.005070     0.005209    5
          45549.0     0.005720     0.005269     0.005841    6
          50221.2     0.005033     0.004779     0.005324    7
          57845.8     0.004173     0.004149     0.004258    8
          55388.6     0.004362     0.004333     0.004380    9
          61022.9     0.003947     0.003933     0.003969    10
          53632.7     0.004517     0.004475     0.004564    11
          63982.3     0.003780     0.003751     0.003806    12
          59437.5     0.004087     0.004038     0.004145    13
          63306.3     0.003828     0.003791     0.003993    14
          61730.1     0.003899     0.003888     0.003914    15
          61522.6     0.003916     0.003901     0.003942    16
          58450.4     0.004120     0.004106     0.004133    17
          62663.9     0.003851     0.003830     0.003867    18
          59940.0     0.004020     0.004004     0.004034    19
          62434.6     0.003858     0.003844     0.003877    20
          61711.2     0.003921     0.003889     0.003957    21
          59273.0     0.004069     0.004049     0.004089    22
          61443.8     0.003926     0.003906     0.003951    23
          61522.6     0.003913     0.003901     0.003921    24
