          13537.8     0.020305     0.017728     0.021075    1
          22307.2     0.010766     0.010759     0.010773    2
          31221.2     0.007727     0.007687     0.007764    3
          41514.1     0.005814     0.005781     0.005850    4
          46216.1     0.005206     0.005193     0.005230    5
          54732.1     0.004402     0.004385     0.004433    6
          51010.1     0.004744     0.004705     0.004823    7
          59539.4     0.004074     0.004031     0.004109    8
          55312.5     0.004385     0.004339     0.004423    9
          55133.8     0.004380     0.004353     0.004437    10
          52827.8     0.004570     0.004543     0.004600    11
          62843.9     0.003854     0.003819     0.003933    12
          59758.6     0.004043     0.004016     0.004060    13
          63159.3     0.003826     0.003800     0.003843    14
          62141.7     0.003879     0.003862     0.003890    15
          63175.2     0.003824     0.003799     0.003846    16
          60119.0     0.004011     0.003992     0.004065    17
          63310.2     0.003805     0.003791     0.003821    18
          60483.9     0.003986     0.003968     0.004036    19
          59391.9     0.004062     0.004041     0.004101    20
          61809.7     0.003921     0.003883     0.003941    21
          62419.1     0.003868     0.003845     0.003886    22
          62291.6     0.003870     0.003853     0.003902    23
          61950.5     0.003906     0.003874     0.003976    24
