          12809.1     0.056417     0.056210     0.056640    1
          21614.6     0.033402     0.033311     0.033532    2
          31079.8     0.025035     0.023166     0.027311    3
          31133.9     0.023220     0.023126     0.023318    4
          47436.4     0.015757     0.015178     0.016310    5
          54532.5     0.013349     0.013203     0.013588    6
          51202.1     0.014453     0.014062     0.014708    7
          48306.0     0.015353     0.014905     0.016167    8
          51377.2     0.014265     0.014014     0.014617    9
          59459.7     0.012275     0.012109     0.012471    10
          57228.7     0.012730     0.012581     0.012896    11
          51974.9     0.013977     0.013853     0.014112    12
          57724.2     0.012595     0.012473     0.012738    13
          61813.5     0.011803     0.011648     0.011952    14
          58973.2     0.012300     0.012209     0.012406    15
          62353.4     0.011656     0.011547     0.011909    16
          59726.7     0.012155     0.012055     0.012258    17
          62630.1     0.011571     0.011496     0.011729    18
          59899.6     0.012162     0.012020     0.012263    19
          56890.1     0.012719     0.012656     0.012890    20
          59910.3     0.012108     0.012018     0.012175    21
          61476.3     0.011787     0.011712     0.011910    22
          58513.8     0.012451     0.012305     0.012572    23
          62009.0     0.011775     0.011611     0.012620    24
