          17115.1     0.001831     0.001823     0.001842    1
          43217.4     0.000725     0.000722     0.000729    2
          63556.2     0.000496     0.000491     0.000501    3
          85924.0     0.000366     0.000363     0.000369    4
         105449.1     0.000299     0.000296     0.000307    5
         125829.1     0.000353     0.000248     0.000567    6
         145888.8     0.000302     0.000214     0.000412    7
         166068.9     0.000316     0.000188     0.000422    8
         185883.9     0.000171     0.000168     0.000190    9
         206733.5     0.000154     0.000151     0.000170    10
         226014.3     0.000140     0.000138     0.000147    11
         245520.2     0.000129     0.000127     0.000137    12
         262249.1     0.000223     0.000119     0.000287    13
         281424.3     0.000128     0.000111     0.000247    14
         300142.9     0.000127     0.000104     0.000269    15
         312320.5     0.000212     0.000100     0.000259    16
         335544.3     0.000157     0.000093     0.000211    17
         350837.2     0.000090     0.000089     0.000093    18
         367590.7     0.000088     0.000085     0.000105    19
         384889.1     0.000082     0.000081     0.000084    20
         394163.5     0.000104     0.000079     0.000210    21
         415435.8     0.000076     0.000075     0.000078    22
         427654.5     0.000076     0.000073     0.000085    23
         445109.8     0.000139     0.000070     0.000172    24
