          13841.3     0.026080     0.026009     0.026167    1
          22989.8     0.015714     0.015659     0.015761    2
          34678.8     0.010394     0.010381     0.010421    3
          44182.9     0.008159     0.008148     0.008181    4
          48734.8     0.007430     0.007387     0.007469    5
          45621.9     0.008292     0.007891     0.008549    6
          53364.5     0.006812     0.006746     0.006844    7
          60121.4     0.006026     0.005988     0.006089    8
          54445.9     0.006888     0.006612     0.006962    9
          61928.9     0.005842     0.005813     0.005879    10
          57618.5     0.006303     0.006248     0.006324    11
          60872.8     0.005960     0.005914     0.006001    12
          58547.9     0.006178     0.006149     0.006205    13
          63807.9     0.005666     0.005642     0.005700    14
          62739.4     0.005776     0.005738     0.005839    15
          63392.6     0.005694     0.005679     0.005712    16
          60686.8     0.005966     0.005932     0.005984    17
          63999.9     0.005655     0.005625     0.005672    18
          57876.9     0.006281     0.006220     0.006322    19
          57225.4     0.006319     0.006291     0.006357    20
          62674.3     0.005766     0.005744     0.005809    21
          57406.0     0.006295     0.006271     0.006323    22
          58459.5     0.006249     0.006158     0.006827    23
          60789.5     0.005945     0.005922     0.006031    24
