          34711.5     0.000015     0.000007     0.000026    10000
          23685.5     0.000062     0.000061     0.000064    60000
          23165.2     0.000128     0.000114     0.000228    110000
          23410.1     0.000165     0.000164     0.000168    160000
          23332.6     0.000218     0.000216     0.000224    210000
          23368.3     0.000268     0.000267     0.000270    260000
          23047.0     0.000324     0.000323     0.000327    310000
          23349.7     0.000372     0.000370     0.000374    360000
          23212.6     0.000425     0.000424     0.000428    410000
          23199.0     0.000478     0.000476     0.000485    460000
          23188.0     0.000531     0.000528     0.000543    510000
          23255.5     0.000643     0.000578     0.001147    560000
          23093.1     0.000636     0.000634     0.000638    610000
          22957.1     0.000692     0.000690     0.000694    660000
          23310.8     0.000734     0.000731     0.000738    710000
          23141.0     0.000791     0.000788     0.000794    760000
          22712.3     0.000859     0.000856     0.000864    810000
          22532.6     0.000919     0.000916     0.000921    860000
          23214.3     0.000944     0.000941     0.000951    910000
          22921.4     0.001008     0.001005     0.001011    960000
          21549.4     0.001128     0.001125     0.001134    1010000
          22554.0     0.001132     0.001128     0.001136    1060000
          20604.1     0.001299     0.001293     0.001308    1110000
          21347.2     0.001312     0.001304     0.001323    1160000
          20069.6     0.001452     0.001447     0.001464    1210000
          19337.7     0.001577     0.001564     0.001603    1260000
          17332.9     0.001825     0.001814     0.001846    1310000
          16518.1     0.001987     0.001976     0.002007    1360000
          15938.8     0.002132     0.002123     0.002146    1410000
          14987.6     0.002346     0.002338     0.002369    1460000
          14024.9     0.002601     0.002584     0.002618    1510000
          13719.6     0.002739     0.002729     0.002751    1560000
          13192.3     0.002944     0.002929     0.002957    1610000
          12671.7     0.003157     0.003144     0.003173    1660000
          12350.0     0.003332     0.003323     0.003345    1710000
          11848.3     0.003581     0.003565     0.003603    1760000
          11684.0     0.003725     0.003718     0.003738    1810000
          11356.4     0.003949     0.003931     0.003968    1860000
          11523.3     0.003997     0.003978     0.004011    1910000
          11478.9     0.004114     0.004098     0.004127    1960000
          11318.7     0.004276     0.004262     0.004301    2010000
          11243.6     0.004417     0.004397     0.004428    2060000
          11004.0     0.004615     0.004602     0.004630    2110000
          10874.9     0.004783     0.004767     0.004802    2160000
          10759.1     0.004954     0.004930     0.004973    2210000
          10371.0     0.005244     0.005230     0.005263    2260000
          10417.2     0.005332     0.005322     0.005344    2310000
          11926.6     0.005368     0.004749     0.005689    2360000
          11867.1     0.004910     0.004874     0.004981    2410000
          12390.9     0.004787     0.004765     0.004810    2460000
          12632.0     0.004793     0.004769     0.004808    2510000
          12452.2     0.004947     0.004934     0.004965    2560000
          12657.5     0.004974     0.004949     0.004992    2610000
          12689.7     0.005041     0.005031     0.005054    2660000
          11277.8     0.005782     0.005767     0.005789    2710000
          10612.3     0.006265     0.006242     0.006302    2760000
          10849.8     0.006231     0.006216     0.006245    2810000
          11199.6     0.006143     0.006129     0.006156    2860000
          12558.6     0.006196     0.005561     0.006565    2910000
          12758.6     0.005579     0.005568     0.005590    2960000
          12950.8     0.005597     0.005578     0.005614    3010000
          12547.5     0.005867     0.005853     0.005881    3060000
          12442.4     0.006018     0.005999     0.006037    3110000
          10665.1     0.007128     0.007111     0.007142    3160000
          10370.3     0.007440     0.007429     0.007452    3210000
          12462.5     0.007341     0.006278     0.007496    3260000
          10518.9     0.007572     0.007552     0.007585    3310000
          10322.6     0.007828     0.007812     0.007841    3360000
          12198.8     0.007307     0.006709     0.007881    3410000
          12574.3     0.006636     0.006604     0.006653    3460000
          11023.2     0.007671     0.007642     0.007691    3510000
          12825.2     0.006688     0.006662     0.006708    3560000
          11203.8     0.007744     0.007733     0.007755    3610000
          11128.7     0.007909     0.007893     0.007923    3660000
          12542.8     0.007508     0.007099     0.008335    3710000
          10755.7     0.008427     0.008390     0.008446    3760000
          12522.5     0.008067     0.007302     0.008675    3810000
          12537.8     0.007402     0.007389     0.007414    3860000
          10982.0     0.008556     0.008545     0.008572    3910000
          11129.8     0.008554     0.008539     0.008578    3960000
