          11344.9     0.004248     0.004231     0.004310    1
          42744.5     0.001128     0.001123     0.001141    2
          47855.1     0.001012     0.001003     0.001022    3
          81773.6     0.000589     0.000587     0.000594    4
          84061.2     0.000575     0.000571     0.000577    5
         112410.2     0.000431     0.000427     0.000442    6
         122760.1     0.000426     0.000391     0.000544    7
         155825.5     0.000314     0.000308     0.000327    8
         155344.6     0.000327     0.000309     0.000446    9
         202541.8     0.000240     0.000237     0.000243    10
         196033.7     0.000250     0.000245     0.000262    11
         233016.9     0.000208     0.000206     0.000215    12
         223447.9     0.000217     0.000215     0.000221    13
         253879.7     0.000194     0.000189     0.000206    14
         248858.6     0.000250     0.000193     0.000362    15
         305967.5     0.000160     0.000157     0.000169    16
         289262.3     0.000210     0.000166     0.000356    17
         340654.1     0.000198     0.000141     0.000335    18
         282365.5     0.000172     0.000170     0.000174    19
         333322.2     0.000179     0.000144     0.000209    20
         381300.4     0.000145     0.000126     0.000256    21
         353204.5     0.000138     0.000136     0.000140    22
         407543.7     0.000189     0.000118     0.000272    23
         400251.7     0.000122     0.000120     0.000127    24
