          20867.2     0.001155     0.001150     0.001162    1
          41890.7     0.000579     0.000573     0.000583    2
          64860.4     0.000372     0.000370     0.000377    3
          85963.5     0.000281     0.000279     0.000286    4
         106634.8     0.000281     0.000225     0.000505    5
         127583.4     0.000190     0.000188     0.000191    6
         146312.9     0.000165     0.000164     0.000171    7
         168052.2     0.000204     0.000143     0.000325    8
         186068.9     0.000187     0.000129     0.000330    9
         205016.9     0.000118     0.000117     0.000121    10
         224194.4     0.000109     0.000107     0.000119    11
         242562.2     0.000099     0.000099     0.000100    12
         261463.1     0.000092     0.000092     0.000093    13
         276547.5     0.000087     0.000087     0.000088    14
         292625.9     0.000151     0.000082     0.000197    15
         140395.1     0.000173     0.000171     0.000180    16
         333322.2     0.000076     0.000072     0.000101    17
         348315.9     0.000069     0.000069     0.000070    18
         168052.2     0.000144     0.000143     0.000145    19
         375609.3     0.000065     0.000064     0.000066    20
         387166.5     0.000063     0.000062     0.000065    21
         182031.3     0.000137     0.000132     0.000160    22
         414252.2     0.000059     0.000058     0.000061    23
         435771.8     0.000056     0.000055     0.000058    24
