           9716.5     0.000251     0.000247     0.000258    1
          18886.2     0.000134     0.000127     0.000173    2
          28197.0     0.000087     0.000085     0.000095    3
          36340.5     0.000068     0.000066     0.000069    4
          44541.3     0.000054     0.000054     0.000055    5
          54412.6     0.000046     0.000044     0.000053    6
          63310.2     0.000039     0.000038     0.000039    7
         159783.0     0.000033     0.000015     0.000094    8
          80530.6     0.000031     0.000030     0.000036    9
          89082.6     0.000027     0.000027     0.000028    10
         100663.3     0.000025     0.000024     0.000026    11
         100663.3     0.000025     0.000024     0.000026    12
         114390.1     0.000023     0.000021     0.000024    13
         119837.3     0.000021     0.000020     0.000021    14
         125829.1     0.000020     0.000019     0.000021    15
         132451.7     0.000020     0.000018     0.000021    16
         119837.3     0.000021     0.000020     0.000022    17
         239674.5     0.000011     0.000010     0.000014    18
         125829.1     0.000020     0.000019     0.000024    19
         125829.1     0.000026     0.000019     0.000055    20
         239674.5     0.000017     0.000010     0.000024    21
         134217.7     0.000021     0.000018     0.000026    22
         134217.7     0.000021     0.000018     0.000024    23
         141779.3     0.000017     0.000017     0.000018    24
