          14493.7     0.002491     0.002484     0.002512    1
          43690.7     0.001215     0.000824     0.002216    2
          61756.6     0.000588     0.000583     0.000598    3
          85501.1     0.000446     0.000421     0.000632    4
         105590.9     0.000342     0.000341     0.000343    5
         127207.2     0.000313     0.000283     0.000543    6
         147025.3     0.000314     0.000245     0.000561    7
         169087.3     0.000216     0.000213     0.000224    8
         186643.9     0.000200     0.000193     0.000214    9
         202406.1     0.000182     0.000178     0.000200    10
         229475.6     0.000179     0.000157     0.000351    11
         243540.2     0.000192     0.000148     0.000279    12
         264903.4     0.000137     0.000136     0.000142    13
         285975.3     0.000128     0.000126     0.000138    14
         302595.1     0.000152     0.000119     0.000266    15
         321950.8     0.000187     0.000112     0.000249    16
         340078.7     0.000107     0.000106     0.000108    17
         356120.2     0.000191     0.000101     0.000228    18
         375609.3     0.000096     0.000096     0.000097    19
         391178.6     0.000095     0.000092     0.000107    20
         409200.4     0.000100     0.000088     0.000181    21
         197637.4     0.000184     0.000182     0.000190    22
         438938.8     0.000083     0.000082     0.000087    23
         454804.0     0.000080     0.000079     0.000082    24
