          13323.9     0.027059     0.027019     0.027130    1
          26497.8     0.013642     0.013586     0.013695    2
          29700.6     0.012265     0.012121     0.012676    3
          49067.3     0.007379     0.007337     0.007441    4
          49573.2     0.008169     0.007262     0.008954    5
          57722.0     0.006265     0.006237     0.006315    6
          52325.2     0.006926     0.006880     0.006969    7
          60463.3     0.006001     0.005954     0.006029    8
          54919.2     0.006633     0.006555     0.006693    9
          61193.5     0.005942     0.005883     0.005993    10
          58157.7     0.006219     0.006190     0.006258    11
          62993.3     0.005726     0.005715     0.005744    12
          59151.1     0.006133     0.006086     0.006189    13
          63323.5     0.005721     0.005685     0.005766    14
          59681.8     0.006063     0.006032     0.006099    15
          63536.7     0.005688     0.005666     0.005708    16
          59505.4     0.006086     0.006050     0.006144    17
          64286.0     0.005619     0.005600     0.005637    18
          53396.6     0.006789     0.006742     0.006841    19
          58659.3     0.006172     0.006137     0.006205    20
          63180.4     0.005711     0.005698     0.005727    21
          62089.3     0.005822     0.005798     0.005850    22
          58641.1     0.006181     0.006139     0.006230    23
          62250.6     0.005791     0.005783     0.005801    24
