          13155.2     0.091408     0.091219     0.091829    1
          22312.7     0.053825     0.053781     0.053865    2
          32136.2     0.040042     0.037341     0.046744    3
          45260.6     0.026703     0.026513     0.026806    4
          41768.3     0.028987     0.028730     0.029127    5
          55973.2     0.021603     0.021439     0.022012    6
          43596.4     0.027743     0.027525     0.027927    7
          59485.2     0.020320     0.020173     0.020458    8
          55332.6     0.021768     0.021687     0.021834    9
          61327.7     0.019630     0.019567     0.019699    10
          58622.6     0.020533     0.020470     0.020598    11
          63809.5     0.018846     0.018806     0.018881    12
          59365.3     0.020307     0.020214     0.020372    13
          64854.5     0.018590     0.018503     0.018635    14
          61053.2     0.019701     0.019655     0.019745    15
          65484.0     0.018379     0.018325     0.018427    16
          60692.5     0.019849     0.019772     0.019898    17
          64700.3     0.018645     0.018547     0.018725    18
          61015.5     0.019881     0.019667     0.020308    19
          58588.5     0.020651     0.020482     0.020788    20
          61148.9     0.019679     0.019624     0.019710    21
          59734.4     0.020187     0.020089     0.020249    22
          62067.3     0.019391     0.019334     0.019451    23
          64920.6     0.018524     0.018484     0.018567    24
