          21854.8     0.000552     0.000549     0.000561    1
          43314.7     0.000280     0.000277     0.000284    2
          35595.2     0.000410     0.000337     0.000422    3
          85163.5     0.000228     0.000141     0.000326    4
         105076.5     0.000224     0.000114     0.000257    5
         123665.0     0.000099     0.000097     0.000107    6
          65196.4     0.000187     0.000184     0.000196    7
         162360.2     0.000075     0.000074     0.000077    8
         179116.2     0.000068     0.000067     0.000077    9
         200524.5     0.000062     0.000060     0.000069    10
         217885.9     0.000058     0.000055     0.000066    11
         235194.6     0.000052     0.000051     0.000054    12
         250406.2     0.000050     0.000048     0.000057    13
         262144.0     0.000047     0.000046     0.000056    14
         130392.9     0.000094     0.000092     0.000098    15
         292625.9     0.000061     0.000041     0.000096    16
         316551.2     0.000040     0.000038     0.000047    17
         324720.3     0.000044     0.000037     0.000081    18
         158275.6     0.000077     0.000076     0.000083    19
         344737.3     0.000040     0.000035     0.000073    20
         351969.6     0.000069     0.000034     0.000097    21
         166661.1     0.000077     0.000072     0.000105    22
         375609.3     0.000034     0.000032     0.000036    23
         387166.5     0.000032     0.000031     0.000039    24
