          13122.8     0.014119     0.012802     0.015162    1
          13054.7     0.013204     0.012869     0.013703    2
          11034.4     0.015243     0.015225     0.015292    3
          13177.5     0.013275     0.012749     0.015078    4
          12989.1     0.013301     0.012934     0.013506    5
          10895.6     0.015443     0.015419     0.015470    6
          12652.5     0.015056     0.013278     0.015571    7
          11181.4     0.015045     0.015025     0.015059    8
          12677.3     0.015272     0.013252     0.015539    9
          12622.1     0.013386     0.013310     0.013693    10
          11053.4     0.015214     0.015199     0.015229    11
          11084.0     0.015171     0.015157     0.015181    12
          13013.0     0.014228     0.012910     0.015284    13
          13001.3     0.012940     0.012922     0.012992    14
          13181.7     0.012767     0.012745     0.012810    15
          13150.5     0.012820     0.012775     0.012928    16
