          34711.5     0.000013     0.000007     0.000016    10000
          23230.0     0.000062     0.000062     0.000063    60000
          10196.1     0.000263     0.000259     0.000280    110000
          23008.8     0.000238     0.000167     0.000391    160000
          23128.3     0.000291     0.000218     0.000498    210000
          23039.1     0.000384     0.000271     0.000613    260000
          23253.1     0.000321     0.000320     0.000323    310000
          23096.7     0.000377     0.000374     0.000384    360000
          23212.6     0.000497     0.000424     0.000959    410000
          23094.8     0.000480     0.000478     0.000484    460000
          23094.1     0.000533     0.000530     0.000540    510000
          23093.6     0.000584     0.000582     0.000591    560000
          23093.1     0.000636     0.000634     0.000640    610000
          22752.7     0.000698     0.000696     0.000700    660000
          23152.2     0.000739     0.000736     0.000745    710000
          23057.3     0.000793     0.000791     0.000796    760000
          22788.5     0.000864     0.000853     0.000904    810000
          22884.1     0.000910     0.000902     0.000940    860000
          22798.3     0.000960     0.000958     0.000960    910000
          22679.4     0.001022     0.001016     0.001028    960000
          22097.4     0.001100     0.001097     0.001103    1010000
          21802.8     0.001171     0.001167     0.001174    1060000
          21608.2     0.001238     0.001233     0.001246    1110000
          20304.2     0.001377     0.001371     0.001386    1160000
          19636.1     0.001488     0.001479     0.001500    1210000
          18701.8     0.001627     0.001617     0.001644    1260000
          17575.5     0.001798     0.001789     0.001809    1310000
          16602.2     0.001977     0.001966     0.001993    1360000
          15849.8     0.002144     0.002135     0.002159    1410000
          14760.3     0.002384     0.002374     0.002401    1460000
          14024.9     0.002588     0.002584     0.002593    1510000
          13454.0     0.002794     0.002783     0.002812    1560000
          13210.6     0.002937     0.002925     0.002951    1610000
          12826.3     0.003124     0.003106     0.003146    1660000
          12469.9     0.003303     0.003291     0.003318    1710000
          12010.5     0.003531     0.003517     0.003555    1760000
          11693.0     0.003732     0.003715     0.003748    1810000
          11472.7     0.003902     0.003891     0.003916    1860000
          11524.0     0.003996     0.003978     0.004013    1910000
          11517.8     0.004140     0.004084     0.004383    1960000
          11417.7     0.004234     0.004225     0.004247    2010000
          11336.5     0.004375     0.004361     0.004390    2060000
          10940.0     0.004647     0.004629     0.004673    2110000
          10790.7     0.004818     0.004804     0.004836    2160000
          10704.2     0.004982     0.004955     0.005004    2210000
          10429.0     0.005211     0.005201     0.005224    2260000
          12472.2     0.004464     0.004445     0.004494    2310000
          10121.2     0.005608     0.005596     0.005626    2360000
          10238.8     0.005662     0.005649     0.005679    2410000
          10529.5     0.005623     0.005607     0.005648    2460000
          10757.2     0.005611     0.005600     0.005623    2510000
          10925.0     0.005638     0.005624     0.005652    2560000
          12757.7     0.005670     0.004910     0.005778    2610000
          12704.7     0.005052     0.005025     0.005061    2660000
          11042.6     0.005908     0.005890     0.005926    2710000
          12476.7     0.005326     0.005309     0.005348    2760000
          10749.1     0.006293     0.006274     0.006315    2810000
          12789.2     0.005387     0.005367     0.005417    2860000
          10713.6     0.006536     0.006519     0.006554    2910000
          12820.6     0.005572     0.005541     0.005609    2960000
          13106.0     0.005532     0.005512     0.005548    3010000
          10821.0     0.006808     0.006787     0.006825    3060000
          12396.6     0.006045     0.006021     0.006068    3110000
          12506.7     0.006098     0.006064     0.006127    3160000
          12101.8     0.006405     0.006366     0.006424    3210000
          10537.3     0.007444     0.007425     0.007462    3260000
          12429.9     0.006419     0.006391     0.006455    3310000
          10187.0     0.007962     0.007916     0.008095    3360000
          12187.5     0.007718     0.006715     0.007863    3410000
          10628.5     0.007829     0.007813     0.007864    3460000
          10941.7     0.007719     0.007699     0.007734    3510000
          12859.7     0.006666     0.006644     0.006682    3560000
          12907.8     0.006735     0.006712     0.006755    3610000
          10902.2     0.008070     0.008057     0.008089    3660000
          10775.6     0.008281     0.008263     0.008292    3710000
          10669.0     0.008484     0.008458     0.008545    3760000
          12461.1     0.008094     0.007338     0.008694    3810000
          10864.3     0.008548     0.008527     0.008562    3860000
          12665.5     0.008253     0.007409     0.008681    3910000
          12819.2     0.007440     0.007414     0.007467    3960000
          12490.2     0.007723     0.007705     0.007749    4010000
          10848.4     0.008998     0.008982     0.009005    4060000
          12305.2     0.008072     0.008016     0.008174    4110000
          11970.0     0.008350     0.008341     0.008365    4160000
          12122.6     0.008392     0.008335     0.008669    4210000
          10408.4     0.009838     0.009823     0.009853    4260000
          12456.5     0.008313     0.008304     0.008324    4310000
          12180.3     0.008622     0.008591     0.008643    4360000
          10599.9     0.010003     0.009985     0.010027    4410000
          11032.8     0.009712     0.009702     0.009728    4460000
          12646.4     0.009233     0.008559     0.010059    4510000
          12895.0     0.008514     0.008487     0.008580    4560000
          13085.7     0.008477     0.008455     0.008498    4610000
          12652.8     0.008863     0.008839     0.008883    4660000
          10673.2     0.010613     0.010591     0.010637    4710000
          12891.0     0.008888     0.008862     0.008968    4760000
          12490.7     0.009960     0.009242     0.010857    4810000
          12858.4     0.009103     0.009071     0.009134    4860000
          13084.6     0.009032     0.009006     0.009042    4910000
          12624.9     0.009473     0.009429     0.009521    4960000
          12719.7     0.009487     0.009453     0.009554    5010000
          12595.0     0.009674     0.009642     0.009829    5060000
          12461.0     0.009879     0.009842     0.009910    5110000
          12348.1     0.011652     0.010029     0.011887    5160000
          12570.5     0.009983     0.009947     0.010013    5210000
          11982.9     0.010565     0.010535     0.010614    5260000
          12092.2     0.012212     0.010539     0.012449    5310000
          12524.8     0.010296     0.010271     0.010375    5360000
          12669.9     0.010271     0.010248     0.010301    5410000
          12651.0     0.010371     0.010358     0.010386    5460000
          12807.8     0.010357     0.010325     0.010424    5510000
          12802.5     0.010441     0.010423     0.010470    5560000
          12475.9     0.011201     0.010792     0.012613    5610000
          12603.5     0.010807     0.010778     0.010901    5660000
          12584.0     0.010928     0.010890     0.010974    5710000
          12373.7     0.011192     0.011172     0.011219    5760000
          12694.6     0.011015     0.010984     0.011098    5810000
          12668.0     0.011128     0.011102     0.011165    5860000
          12967.7     0.010960     0.010938     0.010993    5910000
          12679.7     0.011322     0.011281     0.011478    5960000
