          15024.4     0.000016     0.000016     0.000016    10000
          10219.6     0.000141     0.000141     0.000142    60000
          23165.2     0.000115     0.000114     0.000119    110000
          23008.8     0.000168     0.000167     0.000169    160000
          23230.0     0.000218     0.000217     0.000218    210000
          23018.9     0.000272     0.000271     0.000274    260000
          22979.1     0.000325     0.000324     0.000326    310000
          23111.5     0.000376     0.000374     0.000379    360000
          22992.7     0.000429     0.000428     0.000431    410000
          23187.3     0.000478     0.000476     0.000484    460000
          22970.1     0.000609     0.000533     0.001202    510000
          23093.6     0.000608     0.000582     0.000799    560000
          23127.9     0.000637     0.000633     0.000643    610000
          22760.5     0.000699     0.000696     0.000701    660000
          23152.2     0.000738     0.000736     0.000740    710000
          22974.2     0.000796     0.000794     0.000800    760000
          22820.4     0.000856     0.000852     0.000866    810000
          23141.0     0.000894     0.000892     0.000898    860000
          23062.3     0.000949     0.000947     0.000951    910000
          22390.4     0.001032     0.001029     0.001036    960000
          22760.2     0.001066     0.001065     0.001068    1010000
          22693.1     0.001124     0.001121     0.001129    1060000
          21242.6     0.001260     0.001254     0.001269    1110000
          21748.8     0.001286     0.001280     0.001292    1160000
          20450.4     0.001428     0.001420     0.001442    1210000
          19090.3     0.001596     0.001584     0.001609    1260000
          18079.1     0.001746     0.001739     0.001757    1310000
          16764.9     0.001956     0.001947     0.001968    1360000
          15880.0     0.002137     0.002131     0.002156    1410000
          14673.4     0.002403     0.002388     0.002414    1460000
          13991.3     0.002610     0.002590     0.002629    1510000
          13481.7     0.002794     0.002777     0.002815    1560000
          13274.5     0.002921     0.002911     0.002931    1610000
          12596.2     0.003176     0.003163     0.003197    1660000
          12474.4     0.003305     0.003290     0.003324    1710000
          11935.3     0.003553     0.003539     0.003581    1760000
          11718.6     0.003717     0.003707     0.003732    1810000
          11434.1     0.003918     0.003904     0.003940    1860000
          11514.4     0.003996     0.003981     0.004017    1910000
          11535.3     0.004100     0.004078     0.004148    1960000
          11242.0     0.004304     0.004291     0.004328    2010000
          11216.3     0.004427     0.004408     0.004444    2060000
          11078.6     0.004590     0.004571     0.004600    2110000
          10806.8     0.004818     0.004797     0.004839    2160000
          10657.0     0.005001     0.004977     0.005069    2210000
          10350.7     0.005248     0.005240     0.005256    2260000
          10276.3     0.005404     0.005395     0.005416    2310000
          10250.0     0.005538     0.005526     0.005559    2360000
          10393.7     0.005731     0.005565     0.005770    2410000
          12168.6     0.004896     0.004852     0.005037    2460000
          12508.2     0.004840     0.004816     0.004854    2510000
          12505.4     0.004932     0.004913     0.004948    2560000
          10884.5     0.005771     0.005755     0.005782    2610000
          10842.4     0.005901     0.005888     0.005913    2660000
          10997.7     0.005934     0.005914     0.005956    2710000
          10456.6     0.006357     0.006335     0.006375    2760000
          10743.8     0.006299     0.006277     0.006319    2810000
          12692.8     0.005949     0.005408     0.006378    2860000
          10873.4     0.006439     0.006423     0.006469    2910000
          12742.7     0.005594     0.005575     0.005614    2960000
          12870.5     0.005626     0.005613     0.005638    3010000
          12603.0     0.005848     0.005827     0.005869    3060000
          10496.3     0.007131     0.007111     0.007152    3110000
          10498.2     0.007241     0.007224     0.007254    3160000
          12209.2     0.007094     0.006310     0.007486    3210000
          10396.1     0.007555     0.007526     0.007580    3260000
          12467.1     0.006408     0.006372     0.006463    3310000
          12007.1     0.006728     0.006716     0.006752    3360000
          10347.6     0.007934     0.007909     0.007947    3410000
          12610.7     0.006597     0.006585     0.006614    3460000
          12702.3     0.006650     0.006632     0.006686    3510000
          11050.3     0.007752     0.007732     0.007762    3560000
          11182.4     0.007774     0.007748     0.007789    3610000
          10892.8     0.008082     0.008064     0.008097    3660000
          10747.1     0.008299     0.008285     0.008337    3710000
          12528.4     0.007988     0.007203     0.008612    3760000
          10711.0     0.008557     0.008537     0.008571    3810000
          12609.0     0.007370     0.007347     0.007393    3860000
          12653.7     0.007436     0.007416     0.007446    3910000
          10931.8     0.008716     0.008694     0.008741    3960000
          12513.5     0.007720     0.007691     0.007733    4010000
          12457.1     0.007841     0.007822     0.007867    4060000
          10647.7     0.009295     0.009264     0.009319    4110000
          12026.1     0.008326     0.008302     0.008353    4160000
          12071.8     0.008398     0.008370     0.008426    4210000
          10108.8     0.010126     0.010114     0.010142    4260000
          10504.8     0.009860     0.009847     0.009885    4310000
          12160.4     0.008713     0.008605     0.009309    4360000
          12284.2     0.008634     0.008616     0.008662    4410000
          12944.6     0.008315     0.008269     0.008382    4460000
          10806.7     0.010038     0.010016     0.010111    4510000
          10921.1     0.010039     0.010021     0.010052    4560000
          13088.6     0.008835     0.008453     0.009981    4610000
          12524.1     0.008941     0.008930     0.008969    4660000
          10524.2     0.010766     0.010741     0.010785    4710000
          12673.8     0.009035     0.009014     0.009070    4760000
          12587.5     0.009191     0.009171     0.009226    4810000
          12831.4     0.009106     0.009090     0.009140    4860000
          12946.8     0.009115     0.009102     0.009146    4910000
          12708.5     0.009389     0.009367     0.009432    4960000
          10890.2     0.011057     0.011041     0.011065    5010000
          10944.5     0.011107     0.011096     0.011115    5060000
          12381.8     0.010331     0.009905     0.011698    5110000
          12387.9     0.011658     0.009997     0.011903    5160000
          12264.8     0.010242     0.010195     0.010288    5210000
          11996.8     0.010945     0.010523     0.012599    5260000
          12002.3     0.010642     0.010618     0.010676    5310000
          12451.9     0.011891     0.010331     0.012111    5360000
          12643.7     0.010303     0.010269     0.010425    5410000
          12536.1     0.010656     0.010453     0.012204    5460000
          12886.4     0.010285     0.010262     0.010304    5510000
          12837.2     0.010418     0.010395     0.010450    5560000
          12430.0     0.010841     0.010832     0.010862    5610000
          10721.4     0.012682     0.012670     0.012699    5660000
          12574.7     0.010942     0.010898     0.011049    5710000
          12418.3     0.011172     0.011132     0.011197    5760000
          12720.3     0.010982     0.010962     0.011019    5810000
          12705.7     0.011086     0.011069     0.011127    5860000
          13102.8     0.012149     0.010825     0.012807    5910000
          12733.8     0.011253     0.011233     0.011272    5960000
