2.467238e+08    2.467238e+08    2.621440e+08    1000
2.382066e+08    2.774442e+08    2.487320e+08    51000
2.642699e+08    2.693100e+08    2.470115e+08    101000
2.160095e+08    1.675946e+08    2.412723e+08    151000
2.909093e+08    2.866559e+08    2.509840e+08    201000
2.722447e+08    2.730922e+08    2.411292e+08    251000
2.663472e+08    2.656746e+08    2.433472e+08    301000
2.819228e+08    2.677215e+08    2.417407e+08    351000
2.673102e+08    2.752276e+08    2.440743e+08    401000
2.685831e+08    2.675196e+08    2.483433e+08    451000
2.728667e+08    2.727250e+08    2.473045e+08    501000
2.668354e+08    2.731751e+08    2.399856e+08    551000
2.781086e+08    2.714599e+08    2.514741e+08    601000
2.659484e+08    2.746697e+08    2.546863e+08    651000
2.685856e+08    2.696201e+08    2.437376e+08    701000
2.697544e+08    2.694775e+08    2.403053e+08    751000
2.685132e+08    2.678923e+08    2.452648e+08    801000
2.406684e+08    2.687968e+08    2.481647e+08    851000
2.783434e+08    2.547400e+08    2.419997e+08    901000
2.639481e+08    2.900090e+08    2.416273e+08    951000
2.756005e+08    3.048133e+08    2.421978e+08    1001000
2.675049e+08    3.219789e+08    2.403999e+08    1051000
3.240197e+08    3.227741e+08    2.549229e+08    1101000
2.705775e+08    2.768779e+08    2.476858e+08    1151000
2.597380e+08    2.705494e+08    2.542965e+08    1201000
2.852136e+08    2.673668e+08    2.424935e+08    1251000
2.673062e+08    2.480021e+08    2.423086e+08    1301000
2.695512e+08    2.674646e+08    2.419825e+08    1351000
3.013601e+08    2.668098e+08    2.517984e+08    1401000
3.146162e+08    2.701498e+08    2.590201e+08    1451000
2.842793e+08    2.850387e+08    2.809304e+08    1501000
2.908856e+08    2.916550e+08    2.620384e+08    1551000
2.999277e+08    3.057034e+08    2.669694e+08    1601000
3.176803e+08    3.007773e+08    2.393804e+08    1651000
2.625782e+08    2.859753e+08    2.555249e+08    1701000
2.655852e+08    3.118435e+08    2.625564e+08    1751000
3.155759e+08    3.011698e+08    2.516387e+08    1801000
3.238906e+08    2.769273e+08    2.747516e+08    1851000
2.967057e+08    3.006891e+08    2.630434e+08    1901000
3.027073e+08    2.877620e+08    2.674474e+08    1951000
2.794713e+08    2.715766e+08    2.403024e+08    2001000
2.787053e+08    2.673333e+08    2.438217e+08    2051000
2.742510e+08    2.667221e+08    2.644093e+08    2101000
2.922088e+08    2.844515e+08    2.577258e+08    2151000
3.300795e+08    2.911003e+08    2.765793e+08    2201000
2.884097e+08    3.054276e+08    2.434600e+08    2251000
3.225848e+08    2.851725e+08    2.731158e+08    2301000
2.900750e+08    2.861108e+08    2.473923e+08    2351000
2.929096e+08    3.059369e+08    2.610094e+08    2401000
3.123079e+08    2.903694e+08    2.752333e+08    2451000
3.256941e+08    3.008562e+08    2.780711e+08    2501000
3.199566e+08    3.069062e+08    2.226778e+08    2551000
3.119819e+08    3.098993e+08    2.347265e+08    2601000
3.180885e+08    3.119925e+08    2.318943e+08    2651000
3.089312e+08    3.216951e+08    2.784861e+08    2701000
3.085499e+08    2.934669e+08    2.477036e+08    2751000
3.282550e+08    3.018330e+08    2.842203e+08    2801000
3.183696e+08    2.470959e+08    2.118928e+08    2851000
2.907102e+08    2.938910e+08    2.726772e+08    2901000
2.888068e+08    2.821251e+08    2.577066e+08    2951000
2.864156e+08    3.055642e+08    2.462652e+08    3001000
3.055593e+08    2.574451e+08    2.594599e+08    3051000
2.811677e+08    2.676297e+08    2.436913e+08    3101000
2.794665e+08    3.067270e+08    2.710748e+08    3151000
3.067881e+08    3.020669e+08    2.456809e+08    3201000
3.090870e+08    3.133487e+08    2.369733e+08    3251000
2.844224e+08    3.075525e+08    2.712656e+08    3301000
3.001882e+08    3.018062e+08    2.581478e+08    3351000
3.111059e+08    3.028497e+08    2.594407e+08    3401000
2.919609e+08    3.036278e+08    2.658074e+08    3451000
2.987702e+08    2.867291e+08    2.184312e+08    3501000
2.979510e+08    3.024956e+08    2.511335e+08    3551000
2.890050e+08    2.805396e+08    2.505381e+08    3601000
2.989906e+08    2.878892e+08    2.586243e+08    3651000
2.771689e+08    2.702822e+08    2.675477e+08    3701000
2.911170e+08    2.817535e+08    2.535836e+08    3751000
2.866746e+08    2.785844e+08    2.523873e+08    3801000
3.005073e+08    2.841857e+08    2.460360e+08    3851000
3.071403e+08    2.918187e+08    2.407129e+08    3901000
2.735958e+08    2.664560e+08    2.444167e+08    3951000
2.897993e+08    2.950163e+08    2.525419e+08    4001000
2.775602e+08    2.743070e+08    2.538717e+08    4051000
2.872840e+08    2.739118e+08    2.534605e+08    4101000
2.744110e+08    2.501660e+08    2.470984e+08    4151000
2.801404e+08    2.990237e+08    2.575574e+08    4201000
2.966325e+08    2.875387e+08    2.762540e+08    4251000
2.893389e+08    3.058821e+08    2.431030e+08    4301000
3.004019e+08    2.988719e+08    2.454858e+08    4351000
3.089291e+08    3.236230e+08    2.162656e+08    4401000
3.160997e+08    3.118908e+08    2.775088e+08    4451000
3.105435e+08    3.221433e+08    2.788891e+08    4501000
2.745014e+08    3.022114e+08    2.788768e+08    4551000
2.873649e+08    3.017056e+08    2.734279e+08    4601000
3.096363e+08    2.749307e+08    2.437123e+08    4651000
3.040982e+08    2.948841e+08    2.510015e+08    4701000
2.810083e+08    2.588108e+08    2.574665e+08    4751000
2.590949e+08    2.715472e+08    2.603006e+08    4801000
3.074568e+08    2.966275e+08    2.445677e+08    4851000
3.056969e+08    3.036379e+08    2.474872e+08    4901000
2.893490e+08    3.158519e+08    2.577546e+08    4951000
3.023570e+08    3.070351e+08    2.481892e+08    5001000
3.053624e+08    2.914410e+08    2.731771e+08    5051000
2.981112e+08    2.938530e+08    2.505404e+08    5101000
2.795986e+08    2.862291e+08    2.725237e+08    5151000
3.051843e+08    3.061222e+08    2.516215e+08    5201000
2.846214e+08    3.072928e+08    2.498076e+08    5251000
2.454735e+08    2.563116e+08    2.444318e+08    5301000
2.832551e+08    2.990582e+08    2.424540e+08    5351000
2.970358e+08    3.113489e+08    2.513028e+08    5401000
3.095932e+08    2.762218e+08    2.563622e+08    5451000
3.101233e+08    2.985619e+08    2.589547e+08    5501000
3.032652e+08    2.679454e+08    2.706994e+08    5551000
2.870831e+08    3.124350e+08    2.447981e+08    5601000
2.967499e+08    3.102723e+08    2.584142e+08    5651000
3.136869e+08    3.231489e+08    2.558471e+08    5701000
2.936447e+08    2.622181e+08    2.530814e+08    5751000
3.071418e+08    3.218663e+08    2.524817e+08    5801000
2.869103e+08    2.819915e+08    2.589628e+08    5851000
2.947867e+08    2.828154e+08    2.688645e+08    5901000
2.807494e+08    2.958048e+08    2.580997e+08    5951000
3.093622e+08    2.804178e+08    2.498141e+08    6001000
2.719529e+08    2.937537e+08    2.688019e+08    6051000
2.995546e+08    2.820364e+08    2.701218e+08    6101000
2.974104e+08    2.808684e+08    2.605792e+08    6151000
2.868046e+08    3.052112e+08    2.637256e+08    6201000
2.575500e+08    2.666009e+08    2.581688e+08    6251000
2.812210e+08    3.147501e+08    2.712321e+08    6301000
3.049993e+08    2.957644e+08    2.647468e+08    6351000
3.082298e+08    3.080070e+08    2.503239e+08    6401000
2.963674e+08    2.985057e+08    2.526043e+08    6451000
2.893038e+08    3.066242e+08    2.602698e+08    6501000
2.885258e+08    3.006553e+08    2.487947e+08    6551000
3.033251e+08    3.182295e+08    2.642280e+08    6601000
2.720477e+08    2.828294e+08    2.670654e+08    6651000
2.881783e+08    2.889248e+08    2.548190e+08    6701000
2.698794e+08    2.952540e+08    2.787477e+08    6751000
2.908150e+08    2.771830e+08    2.676186e+08    6801000
2.960162e+08    3.094962e+08    2.800781e+08    6851000
3.041165e+08    3.051392e+08    2.493594e+08    6901000
3.147664e+08    2.969264e+08    2.561061e+08    6951000
3.062931e+08    2.899464e+08    2.560053e+08    7001000
2.859854e+08    2.836865e+08    2.583337e+08    7051000
2.680420e+08    2.732956e+08    2.532998e+08    7101000
2.876051e+08    3.014116e+08    2.742987e+08    7151000
3.104832e+08    3.165687e+08    2.529601e+08    7201000
2.976608e+08    2.942880e+08    2.446615e+08    7251000
2.975872e+08    2.878715e+08    2.499316e+08    7301000
2.917518e+08    3.085146e+08    2.557850e+08    7351000
3.024037e+08    2.829876e+08    2.522492e+08    7401000
2.636034e+08    2.890550e+08    2.568610e+08    7451000
2.692859e+08    2.793149e+08    2.565143e+08    7501000
3.037421e+08    2.849974e+08    2.585593e+08    7551000
3.104245e+08    3.090463e+08    2.615612e+08    7601000
3.048440e+08    3.021602e+08    2.533283e+08    7651000
3.136869e+08    3.081123e+08    2.680281e+08    7701000
3.035316e+08    3.070926e+08    2.758151e+08    7751000
3.121400e+08    3.227693e+08    2.773191e+08    7801000
2.848694e+08    3.099099e+08    2.398203e+08    7851000
3.121569e+08    2.706102e+08    2.695668e+08    7901000
3.081186e+08    2.835502e+08    2.520837e+08    7951000
3.019709e+08    2.929810e+08    2.539185e+08    8001000
2.872997e+08    2.982621e+08    2.701770e+08    8051000
3.034649e+08    3.053302e+08    2.684484e+08    8101000
2.967122e+08    2.795174e+08    2.725276e+08    8151000
3.045400e+08    3.151454e+08    2.724230e+08    8201000
2.947627e+08    3.075294e+08    2.719687e+08    8251000
3.061393e+08    2.866463e+08    2.543126e+08    8301000
2.692906e+08    2.854749e+08    2.660486e+08    8351000
2.900397e+08    2.980675e+08    2.505215e+08    8401000
2.889334e+08    2.893391e+08    2.669212e+08    8451000
2.902147e+08    3.029146e+08    2.533378e+08    8501000
2.961374e+08    3.249746e+08    2.775215e+08    8551000
2.992179e+08    3.222670e+08    2.801001e+08    8601000
3.004764e+08    2.981040e+08    2.637503e+08    8651000
2.940129e+08    2.836981e+08    2.598778e+08    8701000
2.925792e+08    2.940818e+08    2.524892e+08    8751000
2.881705e+08    2.845256e+08    2.441407e+08    8801000
2.769832e+08    2.919294e+08    2.754480e+08    8851000
2.903591e+08    2.845953e+08    2.593541e+08    8901000
3.135421e+08    3.129410e+08    2.594645e+08    8951000
2.785577e+08    2.941886e+08    2.720324e+08    9001000
3.023057e+08    2.874695e+08    2.505339e+08    9051000
2.634448e+08    2.916436e+08    2.703329e+08    9101000
3.077213e+08    2.765738e+08    2.496314e+08    9151000
2.944050e+08    3.153414e+08    2.570113e+08    9201000
2.929477e+08    2.920788e+08    2.506298e+08    9251000
2.893900e+08    2.941402e+08    2.662827e+08    9301000
2.754183e+08    2.946971e+08    2.606250e+08    9351000
3.165976e+08    3.275815e+08    2.656175e+08    9401000
2.818149e+08    2.930094e+08    2.586900e+08    9451000
3.129153e+08    3.130776e+08    2.438776e+08    9501000
2.910032e+08    2.862396e+08    2.444772e+08    9551000
3.086945e+08    2.964459e+08    2.560403e+08    9601000
2.968708e+08    2.893854e+08    2.546776e+08    9651000
2.882654e+08    2.864269e+08    2.605343e+08    9701000
2.878181e+08    3.112365e+08    2.532456e+08    9751000
2.909503e+08    2.901679e+08    2.612909e+08    9801000
2.928616e+08    2.944121e+08    2.525895e+08    9851000
2.944107e+08    2.859333e+08    2.538840e+08    9901000
3.010431e+08    2.942619e+08    2.659898e+08    9951000
