2.639089e+08    2.736010e+08    2.380963e+08    1000000
2.713355e+08    2.611240e+08    2.420466e+08    2000000
2.631307e+08    2.669038e+08    2.488414e+08    3000000
2.768563e+08    3.057853e+08    2.484814e+08    4000000
2.956317e+08    3.160742e+08    2.699211e+08    5000000
2.878529e+08    3.069190e+08    2.570249e+08    6000000
2.813270e+08    2.813162e+08    2.480159e+08    7000000
3.082517e+08    2.885782e+08    2.577403e+08    8000000
2.918860e+08    2.913835e+08    2.508155e+08    9000000
3.079473e+08    2.936776e+08    2.529844e+08    10000000
3.075187e+08    2.949769e+08    2.548011e+08    11000000
2.718499e+08    2.854482e+08    2.535817e+08    12000000
2.900872e+08    2.793781e+08    2.539256e+08    13000000
2.838085e+08    3.113399e+08    2.649604e+08    14000000
3.226504e+08    3.107260e+08    2.644758e+08    15000000
3.176751e+08    2.931696e+08    2.560772e+08    16000000
3.034242e+08    2.854559e+08    2.495998e+08    17000000
2.991077e+08    3.015629e+08    2.494630e+08    18000000
3.151280e+08    3.003191e+08    2.599575e+08    19000000
3.033054e+08    2.821360e+08    2.495540e+08    20000000
2.889814e+08    3.044498e+08    2.604580e+08    21000000
3.156428e+08    3.075075e+08    2.747562e+08    22000000
3.098977e+08    2.812114e+08    2.453808e+08    23000000
2.926573e+08    3.033105e+08    2.492135e+08    24000000
3.165436e+08    3.112046e+08    2.450402e+08    25000000
2.988370e+08    3.012051e+08    2.532087e+08    26000000
3.051192e+08    2.927431e+08    2.542419e+08    27000000
2.844574e+08    3.119436e+08    2.686160e+08    28000000
3.122076e+08    2.995031e+08    2.532882e+08    29000000
2.949415e+08    2.966597e+08    2.525508e+08    30000000
2.964091e+08    3.063454e+08    2.535850e+08    31000000
2.910097e+08    2.997102e+08    2.532725e+08    32000000
3.111823e+08    3.142621e+08    2.563304e+08    33000000
3.055056e+08    2.950515e+08    2.460898e+08    34000000
3.031355e+08    2.920900e+08    2.570845e+08    35000000
3.046944e+08    2.930336e+08    2.519316e+08    36000000
3.071151e+08    3.265465e+08    2.566465e+08    37000000
3.028925e+08    2.827805e+08    2.555481e+08    38000000
3.030988e+08    3.012628e+08    2.582834e+08    39000000
3.089016e+08    3.004898e+08    2.734615e+08    40000000
3.123500e+08    3.063630e+08    2.550133e+08    41000000
3.012485e+08    3.108235e+08    2.523237e+08    42000000
3.013381e+08    2.927381e+08    2.549628e+08    43000000
3.174835e+08    3.154415e+08    2.524194e+08    44000000
3.087543e+08    2.989099e+08    2.552411e+08    45000000
3.076180e+08    2.962179e+08    2.475675e+08    46000000
3.074567e+08    3.125477e+08    2.537059e+08    47000000
2.966898e+08    3.109051e+08    2.535845e+08    48000000
3.089922e+08    3.136081e+08    2.579057e+08    49000000
2.916134e+08    3.107615e+08    2.586895e+08    50000000
2.966170e+08    2.968170e+08    2.489274e+08    51000000
3.057223e+08    3.030428e+08    2.527325e+08    52000000
2.916624e+08    3.068708e+08    2.606691e+08    53000000
2.964638e+08    3.056116e+08    2.469823e+08    54000000
3.009199e+08    3.073999e+08    2.597660e+08    55000000
3.061548e+08    3.025001e+08    2.544784e+08    56000000
2.955039e+08    2.913322e+08    2.552277e+08    57000000
2.945567e+08    3.132597e+08    2.560965e+08    58000000
3.068871e+08    3.002653e+08    2.554058e+08    59000000
3.009949e+08    3.068692e+08    2.572977e+08    60000000
2.987455e+08    3.022990e+08    2.541454e+08    61000000
3.065134e+08    3.073052e+08    2.545147e+08    62000000
3.033966e+08    2.948886e+08    2.575696e+08    63000000
2.964375e+08    2.923977e+08    2.523838e+08    64000000
3.199639e+08    3.105632e+08    2.525989e+08    65000000
2.955877e+08    3.044817e+08    2.538108e+08    66000000
3.095274e+08    3.241677e+08    2.583683e+08    67000000
2.987380e+08    2.981712e+08    2.531967e+08    68000000
3.015419e+08    3.146272e+08    2.516825e+08    69000000
2.920694e+08    3.073899e+08    2.534303e+08    70000000
2.989471e+08    3.173426e+08    2.564009e+08    71000000
3.018577e+08    2.854368e+08    2.549096e+08    72000000
2.918706e+08    3.047713e+08    2.485859e+08    73000000
2.902814e+08    3.012170e+08    2.543873e+08    74000000
2.893094e+08    3.033319e+08    2.574347e+08    75000000
2.901061e+08    3.041059e+08    2.519518e+08    76000000
3.011624e+08    3.040304e+08    2.508569e+08    77000000
2.945754e+08    3.011222e+08    2.593551e+08    78000000
2.980672e+08    3.019242e+08    2.529749e+08    79000000
2.962338e+08    2.993878e+08    2.637025e+08    80000000
2.945872e+08    3.026059e+08    2.478776e+08    81000000
3.041318e+08    3.025062e+08    2.533014e+08    82000000
2.978422e+08    3.008738e+08    2.535707e+08    83000000
3.107382e+08    3.049466e+08    2.505952e+08    84000000
2.915400e+08    2.997065e+08    2.562749e+08    85000000
2.991303e+08    2.979438e+08    2.546557e+08    86000000
3.041096e+08    3.043757e+08    2.580247e+08    87000000
2.924831e+08    3.018526e+08    2.578081e+08    88000000
2.914735e+08    3.040220e+08    2.442853e+08    89000000
2.617100e+08    2.993245e+08    2.608288e+08    90000000
2.897628e+08    2.950808e+08    2.553412e+08    91000000
2.956136e+08    3.028778e+08    2.567466e+08    92000000
2.976886e+08    2.882979e+08    2.447414e+08    93000000
2.825376e+08    3.015470e+08    2.570946e+08    94000000
2.917978e+08    2.929728e+08    2.555928e+08    95000000
2.721073e+08    2.458160e+08    2.593915e+08    96000000
3.000410e+08    2.719525e+08    2.575855e+08    97000000
2.680343e+08    2.904298e+08    2.423198e+08    98000000
2.864732e+08    2.549948e+08    2.490122e+08    99000000
2.277080e+08    3.023103e+08    2.539096e+08    100000000
